263	18321,1407
589	588
618	4482,39902
726	1704247
782	26088
786	809
924	683911,921
975	988,12066
1117	597631
1122	1126,1125,11880,1127
1128	20259,6020,28214,6032
1162	42598,9201
1175	920774,237967
1239	61187,85252,85175,54541,6746,41199,917705,41197,27096,79259
1248	85488
1254	28243,38420,1250,10148,26912
1255	23343,41296,28242
1347	6560
1374	1026,24645
1383	597002,596565,597598,1038
1390	15683,8407,2565,23194,1019,8169,524998
1413	1465,27270,1459,1480,27303
1418	596864,2239176
1430	206677
1443	36002
1465	1455
1473	18437,71766,27096
1527	6298,299583,206131,15665
1617	26160,11185,17710
1621	42755,162309,1627,10481,1624,1622,20595,349368,20428,1621895
1624	4551683,596046
1625	1629
1629	376604
1637	28403,22245,178503,28351,25681,14479,41479,39542,31469,14563,178469
1675	597696,596728,596727
1702	30013
1737	13715
1802	18905,20947
1804	23206,18909
1811	872080,597119,23980,699810,231341
1824	27947
1830	85472
1873	37370,282066,13330,7018
1924	36774,36773,24076,22912
1947	284941,12772
1954	20392,17757,20809,43317,2003,16948,20374,43316,22157,17735,1942,17730,24544,17875,31654,22917
1973	33936,238265,392621,556374
1975	1977,175804,25691,596513,596397,1963,1962,17945,597267,2530
1992	17814,24643,17992,16564,966
2007	37982
2028	2032
2032	8155
2062	35983,39763,42672,4259,30350,10463,18606,34414,85241,6864,3753,596128,221793,14699,34417,6644,9262,144576,86709,54849,596925,42528,5372,202474,178705,6812,20737,75193,26814,31923,36442,28040,9170,3541373
2065	596641,39350,14969,25617,33434,597070
2068	596642,32473,2156,15096
2072	25619,294,39350
2073	28210,392206,25033,20823,6463
2074	25723
2092	596057
2156	1204
2211	18595,2210
2331	14050,14049,14046,35866,36636,37170
2346	3536731,16419,8138,596036,26118
2390	15634
2482	30956,597215,41942,50587,16568,50423
2483	30863,18320
2488	17796,41945,51581,3993,3762,597979
2503	39245
2505	597599
2507	39667,19587,596077,17786,26454
2508	11957,597565,596082,8845,596398,596643,66318,20363,32433,39286,2530
2514	19880,220992,2534,31485,751435,154246,4316899,1916,268583,10691,599035,268483,268575,24776,268559
2518	597298
2520	31721,86332,2527,596740,2523,2522,2521,8864,596644,7258,178474,10286,682967,243046,597001,178840
2521	22192,42285,23401
2522	205812,32704,20388,282364,41485,41249,6938,22818,14025,578,33382,178705,31453,19602
2523	29277,24337
2527	30817,54252,1047,19878,10654,25646
2530	59696,37907
2531	19477
2534	18609
2559	11491,1457,2651,50739
2594	29278,41487,1899,2543,4002
2607	2616
2616	578399,2615
2658	25611,115471,11812,13007,379,31447
2668	42058,3459
2763	6644,39763,9170,9950,2658,31890,25810
2771	15846,30873,20740,3420,3419,39736,10526,25376,25605,6949
2844	39601,38148,2860,11185
2845	29995
2854	2844
2871	2874,2896,271901,2892,678199,2888,2878
2874	702159
2878	2881,2880
2881	2939465,340968,13902,37889,2882
2888	268128
2895	238425
2903	2920,2917,2915,2911,2922
2911	4386,2913,2928,2921
2932	25688,40905,14277,39925,2934,18549,31381,22180,22614,28215
2934	9170,33218,23660
2938	8628
2940	18789,917996,3486
2971	596086,202871
2978	31545,920356,596926,16313,2971
3015	14025,6938
3018	3009,3017
3036	596089,48112
3046	564182
3062	920312,3070,969757,21948,3063
3075	596245,7026,5367,220853,71513
3096	23209
3126	162809
3138	74722
3139	597221,6684,597607,102118,1564892,14432,596333,32177,596231,597097,596408,597668,18282,596593,19927,597104,3433,79381,597450,597061,872051,596075,596462,1947,596847,596264,178481
3158	23556
3162	26259
3188	7723
3191	4057
3195	2598,34414,25887,33497,12702,33216
3204	3416,3308,279516,3232,12682,3205,3158,3451,3404
3205	8196
3209	31990,3419,3211,27603,17710
3211	20740,85387,4057,970,27396
3216	28978,8783,34665
3232	42313,3240,3236,3235,3233,4641,54036,35609,35654,1744619,22020,18165,729218,8196,8168,57256,27783,28458,26458
3233	22487,38425,2679,27603,3854019
3234	11015,13089
3235	10572,28741,10592,2679,26408,41286
3236	3234,1259,38432,26254,41385,34145,41286,30896,26234,27597,5740,26933
3240	14806,55856,52796,28951
3241	3242,20960,3250,4358,243020,29122,282682,162594,596731,3445,596114,596115,475463,3251,22144,3248,1624602
3250	78627
3277	17245,24027,8402,286651,37215
3280	43031,1451270,3440,32177
3286	16375,31507,9011,31412,60926,39925,79245,80356,6949
3289	31392,70122,85208,78569,8845,16365,74393,26457,85228,3290
3290	9010,28420,11685,20934,2600
3297	33229,61851
3308	16278,16277,3235,64113,22625,165603,16859
3314	3264,1305430,3313
3315	11306,22801,24432,23005
3320	2092,3333,3331,41361,39115,4359,312558,18593,22145,3339,1291775
3321	596153,32595,596574
3322	54941,245662,108779,108748,108747,220248,3323,74479,75747,75742,54964,54959,108773,54953,85358,243982,54947,108768
3324	3322
3339	3324,34822
3342	596709,19165
3364	65374,51696,28005,19450,9014,42528,39656,2007,12022,126174,25029,11082,28127,60180,26196,288171,20223,32912,4147,3015,36193,8273
3374	34283,8269,34417,33126
3376	597102,3379,25800,45093,16411,135096,85171,1579410
3379	9262
3392	54173,2555,16343,596112,2151,208407,45093,144576,8838,85272,7257,15133,6463,135096,10583,4475,20823,25033,23972,50560,42679,42670,6812,60197,20402,1136012,39902,60389,59985,2260,10927,281603,18606,8163,3236,39871,31990,85176,25677,26259,33223,76080,16360,25241,2583,60103,92801,5525,41964,123931
3402	3255108
3404	3416,3158,165603
3405	86130,6230,23570,5098,3596,13023,31007
3416	26218,25872,3374,34145,15008,38880,41213,2260,30863,26408,165603
3419	4057,970,27396
3424	596116
3440	19134,15982,3438
3445	3450
3448	140575,30125,22487,38425,14964,22209,41286
3451	286536,17066,674432,70895,596925,376637,663655,288165,292818,249458,674428,282519,20811,16343,2403,54849,525005,50175,286079,30863,21742,754188,376565,1367,286738
3459	43342,34650,6358
3467	85380
3469	349231,28768,30319,38436
3493	3486,596118
3522	115137
3578	37315
3591	3595,3593,55966
3620	24977,31447,15827
3704	40203,26231
3755	19094,24267,23093
3811	42510,151636,39231,43202,4238,428977,18794
3826	26867
3842	205042,7770,25465,34052,3483,7272,35065
3850	4153
3860	31036
3864	949691,29408,162323,3873,3869,157987
3873	3714757
3881	37935
3899	37912,459796
3903	1095851,21585,1704306,3704
3916	597498
3980	39260,8115,21201,4732,162854,31529,22341,3983
3983	21247,30375,24552
3988	22343,8121
4034	4036
4080	15354,1260866,7202
4114	1621958
4135	398791
4153	2936350
4180	728907
4271	596764,33023,558295,178816,26532,242568,242428,4951,34030
4304	596136
4312	4304
4352	4352
4358	35448,3243
4364	35012,920350,1403,20951,1527336,17658,24141,157987,26769,15300,18213,30807,85278,14072,3873,2880,26896,11854
4382	79044,6280
4386	39043
4388	4385,4384,39044,30510,206111,596674,27028,17068
4423	4429,4422
4429	86943
4461	596632,2327977
4484	12373,596434,5034,20934,6949,11685
4501	175846,20235,52802,20231,26254,596147,4492
4504	30903,30004,40880,72662,39859
4515	85462
4586	9054,4587
4587	4595,4594,4591,4590,4589
4600	24094
4601	37937
4611	35501,35596,35497,11731,16677,85448,14346,30641,1830,26944,1014716,42638,1254,35474,25964,38402,10240,23237,4515,33807,37973,22937,85508,85494,6916,27576,4586,8152,85522,18539,27147,33475,995681,4660,6308,16878
4623	23860,1255,14347,596151,35585,38395,596823,85437,3175,38160,4626,23240,14121,42636,37974,9062,18081,12546,41351,36690,178496,4659,43167,8149
4626	32302
4627	243040,71061,16194,31165
4630	14372,4641,314768,20731,55954,51962,14264,596574
4632	206514,8359,41305,597596,1321910,597449,31237,596409,597012,358297,596627,597420
4641	9297
4651	162540,162541,9311,31298,162571,162570,162546,31303
4660	4661,85478
4745	31412,39925,30883
4781	28633,38589,2708,10097
4793	282523,35130
4799	65749,85872
4810	1774
4927	597131,596157,178667,14832,24919,20936,21125,683269,597198,872325,18687,600104,1807,15745,37397,919,18464,36602,596775,870371,2357,8065,178556,16995,178494,178781,36864,15328,30653,32214
4930	13473,8066,85271,37398
4933	9244,556520
4936	524528,596344,33931,4930,33975,33927,3469,33922,1537075,9241,4352,525045,23186,27932,178546,236792,31212,221796,25362
4937	4933
5032	677
5034	60180,80138
5036	28144,596645
5050	24977,31935
5058	136960,20740,103465,1703206,178698
5068	2598,71531,26933
5078	6864,60520,3255108,596577
5082	178502
5157	40679,19067
5304	7258,8405
5329	9237,1967,39400
5388	596164
5402	5437
5423	5400,5388,16976
5424	5426,566602,596361,5417,8312,8370,16977
5427	8320
5437	53592
5477	27820,25519,20986
5479	872311,11379,32121,597136,597587
5486	596701,5528,37083
5491	4361
5507	32102
5515	596284,32081,31916,21054,596095,40549
5528	596846,7605,599895,5529,301624,596078,596735,597081,36536,221102,162585,596172,1153198,599814
5529	1526989
5532	597554,596708,19638,152036,10819,18271,27910,40541,17398,596173,31842,596120,5516,34558,376528,13546,26376,25952,5551
5537	1171318
5539	175649,520510,86246,1654608,872312,596171,25080,178508,872018,872323,872056
5544	33920,920317
5551	597444,5511,376626,8810
5553	5537,597073,597613
5558	1510483,26014
5574	596936,599958,376432,33629,872231
5580	178669
5587	1171527,24713
5595	13268,326067,325628,34374,600538,325912,8051
5615	178795,22876,86839,259787
5682	597622
5686	5697,5695,597623,282488
5767	32105,229671,5810,5778,5773
5770	872022
5771	14772,23508
5773	23516,18956,14792,5821,32112
5774	596191
5775	597087,9348,178824,1161311,19116,34057,596550,596595,19010,1654609,597013,25962,597144,23889,10067,35070,597377,597465
5776	597347,597528,597569,597614,162520
5778	32173,16017,596117
5779	12739,26766,42974,20640,1733,19069,8533
5789	15506,15502,15498,145779,15491,16006,32172,40018,178635,15528,32183,15525,42971,15522,15518,596035,40048,15982
5790	33707
5806	597199
5810	778
5818	5818,40015,40034,40028,836924
5822	5770,597255
5830	596848,596363,542034,267988,178650,20639,19045
5832	1363845,4520780,108793,1347,16055,17649,36773,29297,33621,5789,9498,596714
5841	86548,86818,5842
5847	14261,42449,6901,225984,3847,26844,3842,150936
5886	5910,5885,5890
5889	5909,38984,3964,493522,38056,15389,17133,596200,15733,5388,26727,1117,24202,7806,5767,19051,26131,42036,30296,39409,31059,487949,39097,14166,36087,13831
5898	15385,37004,18670,726,30797,596790,817096,333343,4600
5903	20674,20672,5905,150611,15967
5905	18841
5909	11175,596293
5910	178684,43094,1262477,28754,596091
5939	242416,29433
5940	29464,29445,597183,5944,5941,5967,29400,29420,29396,29443
5941	17547,13336,29434,29454,1206,8449,24796
5944	35579,29456,29453,29442
5956	2874,282609,32461,26987
5961	85079
5967	553580
6035	24198
6104	23715,85140,1113650,596219,5854,596216,596208,596210,6121,7799
6111	6109,597563,154671,7789,14038,596364,1527311,14544,7820,29221,6118,7760,22610,15371
6118	19562,25149
6121	35507,41000,25462
6145	18418,1458155
6174	596343,34439,41177,25029
6261	149514,24117,6267,6266,6264
6280	1927,14479,39771,39542,22245
6303	6304
6308	6017,6303
6395	9743,35614,19092
6434	38814
6521	106006,503,31465
6684	12373,28127,28005,28094,220821,28066,35983
6685	80093,70548
6711	3522
6732	65042,54543,108187,70876,54544,6772,41199,54444,29419,84697
6779	596927
6812	146224
6826	872066,872065,920776,27663,242596,278704,282313,596722,920774,597314,178619
6836	6837
6901	489802,596700
7001	16788,1283620,20501,16751,1257960,596693,17919,16952
7004	38654,26492,38655,17977,597576,38651,12611,32594,28959,2531
7009	7955
7012	596254,596253,596252
7036	981
7054	31644,34342,1412028,19605,17785,29282
7090	25800,178502,7090,597173,1204,25803,8722,25732,677,597340,28197,41370,178554,1034
7097	4721806,7125,1418,7121,597035,7118,8497,7138,7137,149925,7131
7143	38470
7158	12265,29904
7203	13778
7209	12963,7158
7220	3195,2979921,684286,7209,597639,3364
7222	20538,1971810,20649,597323,546817,19080,546884,18799,42373,497243,596270
7226	18787,225992,5847,14261
7227	684253,232164,5850,597640,597637,5823,162521,5775
7271	7269
7272	7281
7292	60095,596902,596714,243041
7301	7303,21815
7302	8449,29420
7412	22245,28351,12963,13030,51413,85196,13023,14563
7430	42019,596429,18795
7447	7448
7448	596455
7524	36055,1265472
7578	76560,76088,282651,78056,6631,55023,16055,135575,282587,69676,34822,54947,22984
7580	32176
7581	7581
7582	1261468,7580,7577
7586	596336,598312,596286,597546
7587	162638
7589	7581
7597	20204,596698
7600	597690,596890,22827,597447,18873,1113687,598613,85087,85080,42542,85262,598829
7603	230653,178523,596156,14780,23768,36208,596119,1167250
7608	597306,596338
7610	208355,7609,28581,4048301
7616	206618,16263
7621	596263
7634	27836,596155,597032,9781,449475,5773,506994,18207,553257,22567,596030,227525,596208,686817,920780,376604,2449,27882,178813,596981,8572,38250,23602,15161,920751,228071,596568,3315,17471,36770,38027
7637	85200
7648	25729
7674	18367
7680	7681,2763,26818
7681	2932,2771,3286,4745,3405
7682	37928,596992,18991,85084,26769,85136,14070,17639,149931,522224,27404,25289,6111,7384
7703	41609
7742	11392
7752	24398,85226,30362
7757	1123020,35567,10028
7759	34143,596975
7760	16719,920778,4135,25149
7763	86120
7765	7763,7759
7776	39485,206441,228221,228196,596129,597434,175173,228210
7799	8524
7806	7809
7809	21880
7820	38454,917996,178540,2937358,596298
7867	7873
7974	30817,11145,178627,142281,178596
7987	599100,597096,872027
7996	243178,596319,8000,39808,7998,13803,596788,7987,1328807,597337,5477
8000	42014,202010,5774
8010	7277,39337
8013	128897
8059	1578,1328809
8066	41671,682289,149654,22438,29121
8067	596327
8089	33944,8065
8093	178545,8067
8149	24286,40592,9770
8152	8151,8150
8366	3537249,14705,8377,23025,37215
8370	8370,85280,5411
8377	596332,20339
8405	6945,1041,600370
8425	34261,27679,22181,39245
8466	11602
8489	152113,20179
8526	8513
8546	19397
8550	8555,8551,8569,8568,8565,8564,8559
8551	596751
8565	872318,597410,8562
8572	25201
8625	302608,2938,28303,32578,41107,40715,21943
8626	3266843,220704,795864,5859,13080,16667,22735,10314,41408,32897,175702
8630	35269,600223,597416,243031,23746,8630,79122,282579
8633	85187,8664,8546,28623,596142,7709,36869
8797	202871,8797
8813	596341
8838	79083,8838
8946	36497,11673,178683
8972	920369
8976	282462,282461,282460,920321
9013	20204
9017	32520,872017
9054	9055,79134,9063
9062	39614
9170	85163
9182	1744526,522435,40556
9222	596106,178442
9226	1374
9240	30971,596130,233820,597315,679138,596887,234421,4448,33211,11109,39869,935584,178566,10439,22423,162340
9241	3537,30975,11253
9319	9324,4082937
9325	33235
9326	1527336,29434,13720,24796
9373	19569,9375,12819,9319,22104
9375	9376
9404	345873,34885,9375
9429	13218,920357
9449	3424,20971,597092,178661,34386
9450	4082764,9450,34041,42769,3869,699744,32965,442886,15403,43241,43528,521829,872315,4623,36916,178726,30499,1171315,205721,35243,37278,42029,872054,275544,29118,26946,596270,1112211,597039
9452	23008,178556,597132,39449
9453	441068,37830,700295,542459,18768
9460	1816,597497,42790,476254,23015,37822,260662
9462	178559,596719
9472	9475,178558
9566	392008,32787,596237
9602	597171,29038,162419,872035,9626,596355,597543,872061
9609	596957
9622	178565,596358,9602,37585
9647	18897,5491,9651,15347,237526,35007
9763	9770,22573,35012
9780	39508,31110,596380,162415,7301,1527,13762
9781	16030,225369,24880,29432,29431,28875,162597,206131,29418
9782	2004491,35435,24141,596377,7302,27656,9326,10495,11644,36413,85655
9871	9886,29151,3433,37862,9873
9873	9910,23566,12203
9886	677582
9950	30903,5372,202474,139706
9967	11142
9992	33161,4295,42650
10031	14259,459875,10040
10034	22578,16781,152455,10038,10037,22568
10042	197447
10068	178570,2962
10075	205042,456944
10076	1175743,19185
10097	7461,162342
10148	10150
10206	43031,16859
10210	17382,597278,2551393,24820
10268	28864,8483,20614,1162,40996,29130,15462,28938,42276
10286	31634
10415	10416
10454	596406,65749
10463	41345
10503	162344
10505	596067,62612
10546	596438
10566	78569
10613	43457,18038
10654	10682
10656	6784,30346,699919
10711	60103
10715	4475
10798	10762,311584,10749,10744
10799	683440,79104
10802	8633,796358,4520819,32246
10818	1656251,19635,10802,596289,1113652,7616
10819	85304,596897,7608,597714,1622501,521119,40682,178719,178718,7589,7586,162638,7582,7581,596402,7625,25186,243092,596288,1521816,596290
10821	19053
10834	208355,230653
10852	10803,51926,1271,41348,42666,8905,85418,1239,37799,26045,138793,534578
10853	26258,21770,26046,25979
10947	26131
10995	1331008,21822,178803,596403,34394,16400
11053	597074,339789
11065	4398
11109	8300,25076
11142	35143
11265	11263,2395
11321	39813
11346	11389
11350	51560,59090,14032
11365	178558
11373	11371
11374	102137
11379	11337,596914,178589,11374,596413
11382	5654
11438	596412,596410,1171316,11423,11420,33108,29335,14149,11365,596415
11443	40426
11485	45093,49174
11528	663655,45183,282384,11535,40077,11485,11503
11535	20811,49192,16343,6233
11603	11606,13595,11616,11615
11630	40247
11644	36421
11746	26416
11848	162283
11849	85207,11882,11881,11880,271646,11875,11860,11854,362046,920358,597655,853897
11900	596350,11919,11917,9782,597015,11910,11909,11908,33053,11905,11904,259832,596905,596612,597379,9460,596912,1536985,597118,24870,597175,597497,597356,37274,18939,597349,596473,178593,596758,596852,17178,86143,596166,597037
11903	596297
11904	32221,596429,1384495,596672,21211,5776
11908	18786
11909	597246
11910	200189,597122,29090,597325,42793,34949,13854,597408,702254
11913	79104
11916	597027
11917	596430,678216,37981
11919	596815
11946	31140,19004
11957	15091
12144	152349,20663,39729
12155	311164,743195,242295,597180,596442,15663
12171	15686
12240	38351,5423,836205,14871,23884,14876,30274,31354,12240,21853
12242	23895,17178,5424,30286,1704330,31154,12243
12243	5426,30297,31149,23903,17185
12393	20823,10583
12544	102118
12578	26817,26584,37162,8135,242639,33888,178439
12611	38636,22949,40815,24658
12634	9450,1113651,35204,39082,4936,26857,9782,677042,3714509,24228,42075,15397,32080,3263723,14130,19270,13447,178829,9460,242354,302590,7222,19247,6826,37274,18939,27765,12242,178786,1609432,25517,149676,872031
12655	314657,596244,1171304,1113685
12682	25794
12715	18995,271901,353744
12780	917964,31588
12798	597421,2502,60180,7158,6376,541746,16860
12854	12925,12924,43442,12939,178630,12933,12931,6556
12860	34286
12923	19132,1483,319132,30617,19369,32868,79005
12924	32136
12925	32136
12940	206355,4082333,215848,597716,40648
13023	23570
13030	597715
13146	24809,556398,86181
13153	1563,596779,1522438,1559,37369,85104,1566,4281794
13168	38577
13203	678154,242640,597203
13218	887947
13220	678154
13227	5515,7090,596110,12798,162713,39536,597686,3139,596107,597083,782,18100,3209,221788,10406,40349,30094,597058,3295,42890,37766,15896,20616,31253,7220,26879,8362,7974,1321567,27866,596407,358430,38891,34541,34540,282555,3204,1527392,26249,3392,3191,17173,3376,34304,597524,597318,33306,973585,596326,18938
13289	13295
13336	1080,13338
13343	596089,45511,16320,175846,52802,596395,4721520,16859
13404	1145670,20440,3203358
13443	13453,22889,13455
13447	13449,699744,22890,260662,271428,596367
13455	242255,13450,15183
13470	178889,1948,20505,6147,43084
13473	3125,3123,20505,596170,2267227
13507	36488,38185
13546	43051,596094,596724,37593,597251,596583,14406,178682,178620,162358
13560	25087,21682,178673
13574	597045,27789
13621	872037,597274,10478,13626,18701,596658,1537077,220931,13658,13649,872036,39401,36375,597424,178607
13626	13639
13636	13641,13639
13649	872059
13658	596478,597615,920371,920370
13700	42892,4434,29960,42896,29923
13710	13707
13725	33554,40061,23545
13777	178841,597226,597544
13812	13813,25973,597451
13819	430797
13831	20488,20625,20461,20621,596236,85680
13855	20997,22169,596705,201699,596607,597088,597699
13865	25251,234388,15214,596673
13879	38774,25552,31705,18544,37107,30054,20275,40577,36581,6030,7009,28158,17112,34595,302918
13922	40038,13926
13936	8922,596474,30596
13942	13936,596797,920780,230999,597642
13973	3596
13987	18235,2957,178734,16770,3467,13989,18379,15726,10399,11570,235146,679105
14038	597559
14070	14072
14118	14121
14130	13336,18050,40128,30517,30286,1621,14132,32002,32460,34013
14132	31941,27662,1624,919267,39590,30297,32019,40136,30521
14136	597247,30518,40132,1625,27912,18067,32005,597248,30274,40113
14137	596798,597166,596717,2242456
14139	31945,597361,31308
14143	11519,12906
14149	35849
14230	597094
14241	73243,85431,73240,35541
14242	14298,13355
14245	23072,17195,6290,31150,10702,16356
14275	178644
14321	14323
14335	20877,4082937,21390
14346	14833,36953,36765,43405,22727,33697,36111
14347	36117,1527298,32064,14836
14372	74447,597508,8356
14383	10247,206435
14406	20167,4180,935443,596609,14409,37592,15375,43062,2349,42491
14409	178569
14413	1171320,14419,597261,31249,14412,596517,262668,34597,924,23693,242228
14419	596518,18626,31251,522737,21265,1873,596521,178621,43056
14432	32145,60389,123931,597220,85387,281603,7036,86509,360140,597153,596537,597217,33607,288472,593802,3537035,282519
14436	33706,32140,41243,30913
14442	26741,597548,596918,1537074,20289,24188,30016,40676,920330,162594,596732,596543,22202,14444,14436,597391,23689
14544	751495,234533
14609	26724,35322,4799,459875,836205,596882,225385,506994,597622
14630	15087,69755
14699	6230,31007,24334
14792	35286
14833	14834
14834	872040,596533
14852	11168,14848,14867,14869,4763,14859
14894	54741,14143,14230,31640,38717,31678,23764,14241,15296
14930	244404,39286
14939	14942,14912,14927
14941	15011,12203,71011,244404
14996	69389,78264,596810,596647
15031	239307,27567,178443,282540,78988,596070,242191
15040	21619,3046,32942,15576,39564,596093
15083	132776,8161
15091	14964
15096	38333,32487,15091
15176	16674,32356,3714654,206578,162854,22277,6036,18223,17480
15214	9200
15219	86685,178506
15259	1701
15282	929301,33572,38989,36098,36139,30274,36505
15296	15284,15301,75028
15354	31006
15371	27066,393593,686347,8489,30567
15385	1140621,1140618
15392	42905,36410,9758,35322,493522,10031,22903,15426,42160,23317,3151,35298
15393	26010,596373
15397	15414,23308,29132,9763,15403,34951,596552,596551,15300,15393,10034,42790,17601,22904,35309,19937,15423,920358,42161,43349
15403	40592,15406,9770,19357
15406	40561
15413	34158,36019
15414	15424,19562,35335
15417	441068
15423	15424
15426	28058
15576	20052,8091,15611,15609,37047,596885,337471,30551,162409,8101
15609	30542
15677	597423,15678
15683	1369
15684	597423,522095,15691,15690,15688,596739
15690	125901,133788,13725,125894,22439,15689
15691	677647,34354,6521,975,17948,33474
15695	15696
15745	13470,3618,489767,597448
15858	596044,35938
15895	15914,597444,596592,9861,38288,17001,430988,9871
15896	9008
15914	15915
15929	15934,935448,15923
15967	9952,24591
16018	38418,32144,72393,16016
16059	597532
16085	29001
16121	596769
16161	39705
16163	327749,327606
16213	35527
16219	61202,281603
16223	16217
16286	11946,1537073
16320	597350,15008,60520
16352	1138405,37802
16411	25677,2583
16452	10947,21274,5329,3050,25017,32852,7757,42440,16767
16453	3402,7289,38998,70203,6507
16479	178496,597426
16658	596838,19557
16693	54666,178645
16767	242772
16832	597258,11746,85345,1960228,4810
16859	16072
16878	85479
16932	7289
16977	8325,8350
17001	29047,37864
17007	33452,21027
17066	17066
17067	35316,17070,228071,17068
17068	17071,229060
17071	206257,30419
17083	39373,85131,36161
17107	37367,242706,7020
17112	18880,34629,3781,27608,43339
17133	21918,20259,376180,17119,30913
17173	3216,282090,596593,13973,3138,3297,72916
17178	178783,30920,553694,596368,17185,596596,21831,4082764,596535,37089,17160,687707,38354,14852
17182	17132,1562292,376180,36534,911014,42395,8328
17185	31347,38356,21841,14859
17262	33666,178656,596610,35684,40649,597360,597295
17313	597275,10337,1527398,597312,30677,2423,34991,39548,872057,596353,596720,34928,597279
17337	79427,596707,29016,178868,1659424,29073,17366,1533585,34987,21920,2085,33713,597336,17354,1537074
17362	17347
17366	17362,79941,206414,17350,86344
17395	813145,1136031,872030,3494191,596608,876956,8630,28602,17272,887813,1656250,599734,752248,178659,600528,796358,599958,1449575
17398	17263,31325,1367886,1171308,596425,17428,596611,596125,596609,21005,34529,17404,17403,1655731,10802,920757,178801,596421,597257,1171305,86345,597047,31437,1328807
17403	597652,598870,178497,596589
17404	17270,597254,596101,21144,32529,599799
17416	42258,919267,42995,7873,524541,42138,20217
17417	33578,39590
17428	17431,178657,178655,33799
17431	19425,19904
17446	1737,15176,30168,3980,26068,27978,43122,37713,1171306,4340,7674,28405
17471	37868,29974
17472	14144,13574,25485
17562	447436
17563	17566,17574
17638	4114,25149,14474
17645	18595,27078,19046
17649	178753,24420,10404,2211,36800
17658	17661,403529,24143,17665
17696	38179,17911,7648,86140,10558
17710	10137,20268,10124
17725	5802,11501
17761	61418
17860	43791,41004
17861	17887
17881	17889
17890	36228
17919	17927,17926,17925,17924,17923,17922,17921,17920
17945	15083,72225
17950	17978,60960
17952	15852
17953	5740,30958
17968	597698,33692,55966,40123,53935,29446,60321,1456454,59377,21918,29297,7578,129439,17954
17973	8454,178695,597540
17976	597123,597005
17977	3240,16956,42313,26234,3233,597413,752086,28458,12256,7158,597564
17978	596296,17082,7805
17982	598528,596043
18021	18213
18050	20619,29928,39584
18061	33371,733758,23607,18062
18067	29939,39597
18100	33209,9262,2144
18150	6813,16677
18154	23859
18183	4827,369715,27950,14467
18210	1123020,35567,10028
18235	5119
18265	23181,30767,37413,35820,699806,597475,700628
18271	34963,596144,178548,25186,178592,596374,25558,23675,28877,178679,13942,1811,597252,1328821,7586,282576,178747,597375
18282	596087
18284	16026,132298,78058,242275,40691,1113649,62534,110610,2976,79490,37657,32200
18296	58836
18320	8783,25778,282774,8196,10286,28203
18328	18353,18346,18340
18346	18338
18479	18483,18481
18494	221971
18533	115471,18533,588,379,6864,31381,178705,24334
18544	8209,6223,21968,16330
18563	16129
18576	259916
18593	45511
18670	27530,15450,521367
18671	13449,29295,23055,28433,15414,27439
18681	149931
18684	29162,178520,14413,86388,35959,80339,25353,31812,34019,518214,1288
18687	597431,1321605
18701	920753,204934,596267,596124,1113653,36879,597016,18703,596460,850356
18704	26331,35186,20021,19994,19947,37265,28688,596139
18722	18721,33284,18724
18724	31831,31323,28698,31228,596910,11420,596328,2122,596949
18747	38489,178844,11929,31336,9472,25355,30755,11365,10210,86208,86583,40757,596242
18762	11366
18767	234747,596169,162525
18784	1567741
18786	4286
18787	18796,18792,30352,27061,31050,18827,18826,14124,744689,18819,10075,920751
18790	85298
18796	4247,34144,596678
18799	35439,553980,18790,7177,151744,18824,152021,878544,14118,14117,596677,10068,3811,18801,18800
18800	7194,340279
18801	18802
18816	205700
18821	27056
18823	190183
18824	34089,1260873,264879,333186,26269
18826	26264,3501
18829	178611,18825,596143,162589
18837	596684
18850	18850
18889	16085,38463,36323,40896
18909	596933
18938	3304,3280,3277,16018,19120,86440,597450,33603
18939	5779,23510,20473,342892,596362,5806,190979,221030,178516,19087,2871,5830,18941
18941	5771,5790,5833,5774,5957
18943	596754
18951	525007,14819,221145
18956	2350175,229613,596993,25166
18966	15870
18974	10798,27078,19046
18995	19114
19010	42380
19045	2895,39730
19046	19020,15936,19016,25635,30069,19026,19043,7061
19048	24790
19080	36982,35317,2937358,17181
19087	5818,19088,34150
19092	729678
19132	19171,206406
19158	19187
19159	19196,19194,19163,11226,19159
19160	376325
19186	376325,11220,376574,85294,206406,220847
19236	30493,50961
19247	4135,596694,162309,85280,271097,43119,24796,41341,13364,33847,1733,8626,162678,20640,14527,22595,19045,27708,13720,43459,13902,162635,35372,25521,265264,221036,1080,85390,20179,27662,29434,20758,35335,35334,936016,37889,8533,19562,26850,10495,43194,3266898,162568,596558,16781,10273,42974,16719,22680,2936781,1567741,43346,162530,19069
19348	19342,19357
19357	206178
19369	206561,206560,206557,19381,19376
19372	8049,19360,596864,24793,19348
19398	597072,178677,597158,597542
19477	1056,1055,16943,17718
19494	16786,16945,17725,24742,16745
19495	41560,17932,917783,16964
19576	25884,34043
19590	10620,12522,8281
19621	14461
19628	19630,19629,18449
19630	63356
19633	596831,23509
19635	242349
19638	677043,10818
19682	19707,19704
19693	596049,1175
19868	5905,1117
19927	596388,40125,33529,2842,596034,26088,14930,21643
19929	597519,34835,206588
19932	32082,597049,301818,597192,597376,31516,21946,732611,40135
19935	597516,597193,597584,33568
19976	596719
19994	85559,1305702,86208
20138	9669
20175	39971
20208	31507,10976
20231	31392,31479,22209,26485,33223,20223
20235	39946,26251
20239	31691,41258,10641,7028,2564,1156
20242	2068,23779,2065,2078
20249	60573,16337
20250	596642,596641,26873,20249,20247,596645
20275	41119,11744
20289	596251,206235,14894,17976,596538,1453952,30940,596256
20309	21888
20363	178696
20365	597006
20393	38323
20428	4775,1384514
20433	1510662,20435,22610
20459	524620
20473	20443,20557
20476	700623
20506	17547,1206
20507	597469,597167,266307,597138,596377,271844,1621895,1704272
20517	585186,948052,20523,20522,13182,16470
20522	11616
20523	19595,20951,3907,4316895,35228,392707,13595
20538	349368,85580,596088,597048,596515,4551893,20544,20542,20541,598428
20544	27719
20564	156259,178703,205700,18800,236033
20592	16375,26056,8161,9079,39736,39943,2333,31412,40879,12010,30883
20595	376185,1403
20598	39621
20615	596744
20616	25598,289313,245514,38766,596784
20619	162809
20621	32827
20623	268197
20626	39621,12236
20635	13338,11848
20639	239981
20649	20651
20656	37659,37668,10132,27930,23610,40162,27900,33373
20663	38869,38866,33063,30532
20674	4551716
20676	596558,27145,10308
20701	7370,20703
20924	178880,26218,392206,9014,19588,596749,25872,5050,22625,86024,23556,31448,10294
20930	36311
20951	36830
20960	178712
20962	9498,24880,24235,23516,3315
20964	19595,9528
20966	596177,596829,40735
20967	3261
20971	20974,596742,205991
21005	596707,17287,17350,86344
21027	20835,21017,20852,21013,20846,20843,20861
21051	392207,596032,86438
21054	596731,3445,3320,3250,40555,5525,20960,42210,178712,79189
21055	21055
21060	20997,242831,20971,596751,21079,519671,79611,242349
21069	1328856,17231
21079	178702,597343,596186
21081	15133,4482,92801,10592,729218,30896,209368,10583,178712,72980
21083	935453,20971,21079
21107	9199,5971,2607823,11373,1113690,178391
21162	1328812
21213	1128,13343,178499,596234,11740,596039,7974,376446,10454,26381,38738,6353,9924,597354,2073,85403,175921
21236	597332,596771,77431,220857,75632,4310464,596921
21243	6812
21267	26175
21289	4048294,21288
21313	34186
21368	16549
21390	10346,9324
21400	16627,276357
21417	178739,34036,9992,24869,335045
21428	596062,872063,178543,596909,3738,178674,597593,596461,596239,23621
21463	60623
21516	596674
21576	52802,301172,21579,21577
21577	597329
21579	8184,935472,11041,5038
21585	12578,23338,20415,16228,29361,9208,9276,34920,23635
21641	33362
21682	21681,596896
21701	1136300
21742	32414
21747	15980,2199,21745
21770	27834
21797	596467,178647
21831	13289,21843,21841,9373,9806,11991,14335,24523
21832	17536,38463,36323,1299919,2438
21839	227266
21841	9404
21851	677648,9368,178825
21852	22378,13303,20885
21853	21852,21851
21868	28584,26029,18042,596952,14239,36226
21946	13494,178633,22439
21948	9222,35873,3903,3096,32699,32211,26391,881,13507,27581
22009	596734,597675,55363,6685,34830,32824,37492,599635
22022	22020,26408
22023	596235,597268,2346927,33727,7447,597484,677517,13832,596255,596019,3075,597277
22077	34121
22095	38615,35547,15858,43317,17875,68341
22100	1535502
22116	596865,178540,151744,597371,596854,376466
22144	596113
22145	19628,5804
22202	66398,24744,12920,136073,206356,72354,920283,75238,949782,17759,41078
22203	597557,596105,376211
22248	11082,5372,30350,525005
22266	26818
22359	178738,39493
22408	178703,33802,162298,3864
22414	19560
22417	39099,37004,43262,22742,13769,39493,3086,19552
22478	138741
22566	597184
22568	10043,22573
22573	22575
22575	1527336
22593	22595,8373
22634	22631,1002,576783,124568
22646	22445,22674,553257,22664,22663,22655
22658	162283,20295,11881,27720,156259,35091,392525,27709,22679,21313,178664,35078,27697,22665,596813,266307,1527410,543793,848084
22663	1328818,17655
22665	27708,596864,7134,22680
22679	22680
22686	596108,22688,22687,39195
22714	6100
22727	1699
22889	14166,29207,9195,29894,1735318,458700,31059
22890	29899,25281,596347
22914	26458
22937	22938
22938	22940
22947	178525,54036
22962	178727
23008	36612,37078,42530,597082,302830,597725,39034,597483,42926,541736,33896,40710
23015	3537
23051	23055
23078	42930,14540
23185	4933,42531,4084,178500,12633,35375,17326,17325,596545,40671,25260,162340
23186	23015,25261
23206	9630,31858,829
23263	2022,1262902,949399
23270	23273,23276
23308	86543
23338	242620,994382
23418	1279296,23488,597646,596978,23448,23470,85669,23465,23440,23484
23448	23434,23449
23470	23473,23467
23510	596830,14457,23518,31306,23530,21345
23516	24264,18183,22686,31307,26473
23518	24282
23520	162309,23522,23521
23530	1824,24312
23545	178485
23675	597375,230999,35150,5615,11065
23676	1171309
23685	23686
23689	2529,524925,524928,9227,597218
23715	3887642,2708,376431,598032,175196,18427,178780
23779	31676,596192,17950,38323,39561,15684,15677,37900,597152,597522,25249,23789,28908,17860
23794	37899,43208,8384,238052,20725,27877,34960
23884	227525
23890	23891
23895	348754,15695,43459,19158,596850,23903,19202,19151,85605,23890,23885,687708,1112211
23897	36323,2438
23903	206624,2239176
24027	74554
24109	34051
24115	273115,32285,6287,34063,1145670,26766,34050,206062,596865,24121,4144,24117,751674
24117	8677,34067
24121	7121,149925,7131
24141	24143
24188	524944,524942,524941,524940,15880,38733
24204	596700
24228	5956,24236,178516,751674,154199,37997
24235	596870,24296
24264	4561,229613,39194
24296	37993,920314,24204,24202,35287,40113,6440
24297	21757,21756,254610,79786,24320,69673,24429,21759,21758
24299	24793,3714542,596869,24305,26948,24302,3714644,19829
24302	35288
24305	79731
24367	24360
24398	24401,24400,24399
24420	17007,5157
24432	85236
24485	1136216,376335
24523	38238,38054,36992,7570
24660	8139,13612,35804,31944,24852,325162,22962,7896,33147,85235,562690
24813	69389,54041,205812,39705,304176,36248
24852	29115
24869	39461,1690,34546
24888	6325
24893	15154,8155,41226,17534,12470,40919
24899	42111
24934	5544
25017	206208,32852
25032	29207,33093,34841,458098
25033	25241,25033
25080	596345,182590,13812,181835,872029,475251,2721544,596494,872077,23089,30607,376432,872321,221093,180202,178509,179025,16263,597229
25102	85970,872075,79815
25118	31330,28707,28802,11438,4937,18417,42077,38040,34599,28677,28773,18684,683326,1314792,41186,12655,278627,12652,2930,18943,920379,33873,2346,27855,17469,30755,813253
25148	596458,228802,175518,228530
25251	1704297,206249,1272,597474
25252	85255,872078,76552,3178812,108187,1136111,887901,288881,35499,178799,242194,596902,4654,17954
25256	23768
25260	423909,25265
25285	13313,31869,38527
25289	729584
25297	24266
25320	206159
25345	33046,2453
25353	1113653
25355	9475,37443,204512,178547,596243,2551393,597312
25361	9240,23185
25362	19880,220992,32897,31485,268128,22735,16667,41341,20179,23374,13080,795864,162635,24776,27877,17205,28860
25462	228686,38590,175392,39441,21358,23951,228405
25517	154251,32708,2063,1122,546884,20433,31707,751651,596031,5944,2726,546817,19621,596916,597300,268283,11849,740394,25521
25519	596937,1373178,597223,302820,678121,282636,596915,597108,597299,596716,683140,597098,311432,597672,5486,596215,1373180,5576,596984,597272,596204,597063,597071,597595,596675,596378,596076,1328813,220781,598783,597326
25521	7001,20630,25534,392207,2939465,20435,340968,1627,2514,178714,34139,33806,221757,85078,596765,684324
25534	19202,392514,22716,30443
25541	18966
25544	18974,7841,4525,22095,22942,15879,18999,596918,25545,18976
25552	2367,347988,25555,25554
25553	41928,32259,2467
25554	7886,23870,37473,35930,32821
25555	24467,38467,4749,5139,6675
25556	23031,7828,43431,16911,15180
25558	596433
25605	25607
25619	6463
25646	36002
25723	597099,260009
25831	40085,69197,7407
25929	85112,25932,684073,85243,25924
25952	596938,43051,596935,596150,37593,42765,597650,596930
25964	25966,38170
25973	597155
26018	596777,596569,242940,242841,597691,26026,26024,26023,26022,31753,79837,26019,430389,242849
26019	596704,678118,26020,162731,597705,79835
26045	85139,13352,664336,85401
26068	22271,242398
26131	26140,9413
26160	2006,11710
26162	86983,6711,6681
26207	31849
26231	998367
26249	23206,23810
26254	2475
26336	596899,872314,596657,26347,26343,597204,26341,26339,597479,876936,599491,3059,596525
26376	597531,1328819,178563,872376,872252,872063
26377	596957
26381	28604,525026
26391	324023,542270,324027
26416	16871
26457	31392,86130
26458	30842,3536856
26484	1456820
26492	19494,30894,41080
26548	178433,11816,27360,6405,26549
26549	27355,9214,27358,3596,11892
26584	1692,3117,10444
26605	21619
26626	16720,34725,18252,742
26640	36095,40411
26649	677530,20944,596840,376591,178720,1262869,178599,596807,14653,178550
26703	26707,26709,23786,26706,26705
26724	21839,26639,17136
26727	225603
26741	71598
26826	26837
26832	66960,27078,27096,79259
26845	1267092,597054,35231,596981,27061,1331262
26848	236033,27868,282606,27066,26827,26826,26821,16053,1655035,40485,235957,39496,26850,27121,9917
26850	13264,27126
26857	263661,26848
26860	23685,39508,37253,26649,26845
26873	25033
26879	15133,15008,2578
26912	86662,26926,26922,26917,317761,26913
26934	317872,26941
26944	26934
26946	9186,10414,11630,19655,5716,6840,4030,1535939
26955	10739,26814,178705,39185,57671,1734
26969	34667,596991
27022	32463
27056	10055
27121	16037,85655
27147	85454
27154	12120
27298	17824,897757,56921,28123,311682,68341,27307
27362	1675,34011,8059,24915,24842
27378	32333,24027,27396
27388	42878,165603
27410	27358,10526,27360,6405,27355
27415	25605,221793
27442	28429
27540	17086,21308,848084,29445,235957
27576	27575,27573,26536
27581	40891,162604,1328810,28110,162610
27651	920779,27627
27656	23827,18923,16045,25464,16057,1509147,476147
27671	920769,7621,27651
27697	17658,27707,34186,1567741
27708	27708
27720	27726
27740	501385,37941,10268,27747,27884
27746	597604,43020,333463,35354,85400
27747	27825,34837
27752	752253
27756	596556
27763	27912,206417,26969,4388,597054,27836,27882,27740,814002,17067,36665,3714787
27765	597039,596049,27766,7682,161479,27854,152027,4721453,1540677,27746,497552,1145628
27766	17638,85136,27819,206727,597035
27788	178482
27793	597064,260043
27813	32541,29134
27816	6117,1113650,597500
27817	1161311,596423,596215,700630
27830	162678
27836	4112,596979,206116,28944,36387
27854	679441,4134,39621,597367,39338,11206,4604,392702
27866	10463,16972,27867
27868	35258,26896
27880	206249
27882	229216,1113654,597407,596889,21792,596975,34143,206441,597055,596630,26609,206428,206427,596713
27888	34960
27895	39241,6669,6100,60993,14242,1113688,27893,911014,37659,8328,596202,42395
27903	36658
27908	28403,36751,17890,1443,19588,28351,13030,17789,178649,1041,39350
27910	33924,27896,597047,178561,27820,27842,27817,27816,27855,871172
27912	597719,31939
27932	20604,20701
27934	597147,24813,178705,301224,139706,97,85196,304176
27960	3665593
27996	86709,28027
28040	1278444
28137	28214
28138	17887,28144,597070,28187
28144	8168
28167	28128,28215,68853,699857,28138,28137,30020,28199
28187	45511
28197	12200
28199	28197,28210,28203
28203	25800
28210	38432,25803,7257,23972
28263	686918
28325	15457
28405	6823,25885,41703
28429	30471
28432	35455,37199,28433
28433	27439
28582	597353
28589	19652,872074,80113,72108,79904,33603
28602	5862,5861,162788,178773,28604,597534,28600,599442
28606	12854,35668,600500,78973,597549
28612	35552,598977,19652,35544,33603
28621	28630,34287,35546,11528,34136
28630	597331,597536,34288,34137,35548,597550,11529,32550,597106,597105
28632	73020,87071,58594,12892,19492,35681,35379,32548,178827
28661	28657
28677	28692,597112,597109,28682,28658
28682	28772,4551443,29019,33870,17466,596559,34023,30753
28692	178777,886296,28684
28698	28661
28707	178592,15745,28722,1443053,1328816,12180,12155,597121,596976
28722	242784,596602
28797	15634,32273
28811	681094,26126,221457,596327,33595,4048190,22874,599987,85098,21267,3826,1568,18722,1660195,4430,178534,1658633,42960,35345
28850	28738
28877	11435
28908	10372,596884,31264,42438
28953	206416
29017	596883,596828
29047	29965
29073	22895
29118	10418,10414,40558,1255,6840,206178,19348,1535939,36220
29130	29127
29132	29134,30353
29144	1257736,21730,15979,596837,5597,597133,596697,596490,596436
29162	178558
29207	18496
29219	7610,26237,24369,8266,752063
29221	11265,238265,20179,4281802,30567
29224	28621,2483,2482,597700,20242,2520,596646,597142,29252,596399,369760,20931,596258,14996,1975
29235	445623,16832,32098,3062
29252	25541,684280
29295	26640
29331	86019
29341	949940,949936
29342	21400
29355	2688,185468,1656249,3881,596706,16641,596791,3893,347948
29396	16037
29400	29401
29456	152256
29464	29454
29927	32460
29928	29927,919267
29939	10092,600225,29974
29965	872073
29974	13707
30001	674428,16213,26561
30004	22266,597149
30011	178796,311405,242606
30012	30011,301630,13846
30015	596917,28167,43047,220853,38782
30016	1954,596733,27298,596065,31179,35547,3805,596951,30065,2507
30020	85228
30065	38302,33551,38296,41491,41252,13032,41484,18969,3927,599930,132555,31456,596863,23837,66083,41256
30168	31529,18619
30193	178782,596240,20429,18681,4604,150055,162703
30274	30288,30296,22131
30275	79646
30286	30305,30297,271633
30292	21641,30298,17687
30297	597168
30298	63684
30358	21344,36991,6072
30419	7277,376604
30465	206536,318798,751673,751672,949907,206543
30499	33740,15406,13578,18889,21832,23897
30510	229060,42276
30517	20626,20502,271844,30521
30542	872042,597176,26590
30607	162738
30617	1417,26200
30635	30637
30641	30635,18479,1248
30660	27540,9488,27671,1314,8679,21368,178721,2825055,9566,277793,596452,7587,20732,33325,597370
30672	596893,596721,18748
30677	30678,9586,597186,25102
30755	178547,30753
30797	19552
30842	25643,2680
30846	242350
30851	30847
30893	140515
30894	43375,35549,3682
30897	29298,1414,20687,2492,311887,34135,42006
30920	43515,13295
30940	117059,30946,38418
30946	78989,2717971,10656,1442934
30952	60626,77678
30956	17953,597551,596711,33684,30957,27895,12512,27597,27783,17817,28954,31684
30957	1259,10592
30971	597644,26598,40226,175631,37228,20903,597498,597441,597440,5891,597436,36674,37744,18767,42830,178643,234209,30977,30976
30975	18524
31036	403529,26691,3495801,1956391
31090	17563,31099
31149	220656
31153	25474
31179	17822,27021,22948,10796,7367,21965,19941
31180	20281
31208	178609,597432,178875,11546
31212	36339,6012,3431
31249	21569,596126
31253	19236,2583,21576
31306	18203,7965
31307	24432,27950
31308	4391
31327	683140,25515
31330	31327,31325,597024,1510472,33929,597399,596415,13153,27896,596379,597380,596603,596511,596503,597471,596985,41755,681953,597189,597362,152128,597459,597627,13220,597353,178602,596185,38337,596471,596856,596271,13203,596463,597236,596167,596555
31347	29295,27439
31354	27442,521367
31369	15008
31399	42523,86130,25681,2658,14479,28385,39542,15827
31428	6507,20306,28187,7413,597207
31434	33229,16368,39943,8286,33399
31437	678925,178492,178491
31452	178432,178681,596330
31621	61688
31640	31670,31669,359,70828,37903,184
31676	162448,24367,32133
31678	17755,31714,85536,31686,28625,2059,16755,54450,1109,31607,530
31689	42892,7332,597715,138793,64635,80113,29923
31707	20630,3536983,85682
31715	30013
31727	10531,597145,596059,28632,10536,872053,1497
31739	597225
31749	200189,596339,31753,178852
31751	260131
31753	596340
31764	597234
31765	31740
31785	39736
31816	597240,597237,7996,31837,596393,24934
31831	33131,17319
31837	5553,29144
31842	33933,232741,35245,14137,7227,597170,516983,5903,243056,232804,596138,231484,542478,700630,13865
31886	206424,14383,35473,19160
31916	16213,5402,35323,596152,25196,23789,32712,1720910,7271
31957	32912
31959	15846,10572,31381,18546,25376,72916,25810,2555,12582
32002	20514,20506,20635,32019
32005	32009
32009	25056
32015	1655,33195,26667,18061,40160,32017,3714500
32017	30095,1705480,42418
32045	524541
32050	1314785,18062
32080	32091
32081	32333,71011,16859,70203,64971,23705,212874,304520,102137,7289,2062,39294
32082	32082,220857,71011,15096
32086	10463,42528,31890,35569,202474,21577,829
32087	23119
32089	32168,1720910
32092	40333,206271,206267
32098	330208,32100,330148,2028,950153
32100	771607
32121	60573
32136	34471
32144	42071
32148	32150,32149,85324
32167	32629,32582,16337,35918,32616,597265
32173	32176
32177	70166
32211	1706526,40818
32221	597227
32231	32227
32246	12568,18590
32273	6542,5138
32285	1535939,32310,4626
32333	15133
32343	274869,17107,392622,16479,596648,392621,32087
32433	37874,34170,37871
32457	1034,34243,5032,38317,3162,25732,27378,8722,31367,38880
32473	682996,2679,596439
32487	32483
32520	597707
32521	596383,13766,596448
32529	752046,3714764
32541	18378
32550	28953,28606,28604,12476,32414,596419,596712
32556	38975,22369,597269
32593	62507
32594	30888,596699,17973,32595
32595	178860,23810,30958
32629	32604,32856,32487
32636	178448,18090,85999
32639	596135,597169,228539,228447,23951,42600
32708	162530,687708,162568
32712	25541,8260
32787	36992
32852	13710
32868	42216,37356
32950	25815
32961	687675,30563,29976,24915,5615
33006	37982,1617,33308,33008
33053	8509,920770,2627
33085	728909,178864,10405,16698
33108	40461
33147	86861,1564897
33284	15607
33306	28356,9008,23566,25147,33308
33474	22924
33475	33476
33554	33567,33561,33559
33568	79594
33575	33578,1704272,597291,33581
33607	376637,286738,674432,754188,41242,3641,525005,292818,3015,145988,596481,596337
33618	597358
33640	72402,31713,293060,769224,33681,288472,243045,872043
33666	162759,525026
33681	597721
33684	28612,935473,178763,17645,14442,10852,596827,1924,32089,1171311,597400,28589,4627,31689,162768,26832,42736,104230,36425,16829,18850,71728,61928,597077,34861,243021,33693,25544,25252,597552,16223,13700,41538,7292,5832,17968,55782,120285,597427,29005,242210
33687	1925,19048
33692	75691,65011,57252
33693	60617
33713	872019,872308,1655038
33739	1318538,27154,85316,24893,85330
33740	4576,10418,597309,24530,41227,17536,40558,1299919,23281,2438
33807	33808,282676
33808	33809
33860	3872
33896	36611
33905	683444,35852,31214,21705,430115,27902,597266
33909	20913,4271,33927,4927,424215,13987,9671,33919,25361,33914,38659,1511810,597126,9647,597313,26605,596948,31208
33919	37397,37395,37415,21797,178722,26530,23953,597319,37427,37447,37408
33922	40517,3635
33923	23114,34746,597317
33930	33877
33933	33923,36239,33930
33936	349464
33968	4361,4933,33889,392892,150788,26868,15618,33971
33975	1456784,1269683,29221,33936,36341
33978	23870,20737,3753
33991	699376,25677,2583
34036	6002,178732,162443,596849,596654,376658,282448
34040	34041
34057	34057,596229
34072	20542
34136	596042,596636,21528
34137	18328,1413,21533
34139	18099,268128,23374
34140	263,597159,596923
34150	857305
34239	2502
34240	34239
34243	5082
34255	21243,34261,34260,30493,31959,28040,25876,87162,220821,12702,8281,597330,97,2585
34287	596401,597618
34288	10848,40079,41921
34289	40087,596080,34283,2151,41917,597328,4745,178785
34304	14264
34314	10206
34320	39848
34325	31785,76335,4504,31849,54658,21236,286651
34354	31642
34379	597110
34407	22616,85176
34424	242369,8269,33126,596395,139706
34429	39623
34435	41536,27388
34439	34417,34414
34519	21431,26051,17011,41625,43309,242377,34547,37605
34524	178890,35023
34533	597230
34538	17011,596702,43309
34540	10648,597231
34541	26218,60573,208407
34558	242672,34537,597345,597344,597687,34529,34597,34109
34559	31739,86562
34595	41119,34629,39411,25553
34597	596518,34533
34599	28582
34603	597425
34606	597688
34783	34785,34784
34788	34790,34789
34792	34830,34826
34799	54594,70548,205923,34801
34800	206454,34821,34817,76552,34813,206501,670896,34848,34845,287275,34836,34787,206476,34828
34817	21701,74129
34828	34798,34838,34792,61605,61465,34783,206518
34836	34796
34837	39821,25032,8010,597661,28246
34841	34083
34865	10366,17287,17259
34929	597401,206162,278220,423049,597502,34944,38186,34942,596140
34951	3081,27092,4106
34963	27756,596841,1536987,23907,43240
34987	29071,33413,14290,39554
34991	204512,34996,596242,872058
35007	27561,178826
35078	41948,26766,22661,22660
35091	1126,10691,28860,4316899,2534
35096	35094,22709,3018
35111	35870,206596,206592,1148555
35143	728721
35150	22925,1522384,32961,687682,15895
35161	23916,1260946,327093,37382
35186	19870
35191	9570
35204	1127,28432,35244,35243,32326,32231,597264,702198,597396,35228,23051,597388,597384,6261,13404,24115,220854
35205	3266857
35213	596228,3578
35228	2390,18621,4096
35231	11980,23054
35237	24109,28429,35231,17558,85236,225385,6270,40578,178802,34085,31354,6255,225603,23078
35239	35205,19541,184633
35243	1175175,43167,29342,32285,149514,9443,41296,37199,25007,34362
35244	31347,24121,40582,23055,6264,32229,28433,27439
35245	597393,597385,597386,40210,162521,35213
35246	3887657,597157,596254
35273	7203
35298	229216,16622,596979,35316,16823,29127,597407,206428,206427,596713
35304	24437,35334,599035
35309	35304,242852,11884,35344,35317,35333,677628,35305
35323	35499
35333	206178,8513
35334	271097
35339	87161,178833,60197,35331
35366	950105,206464,4423,206452,79679
35369	80151,178493,79864,19693
35414	34497,206548
35435	16053,39103
35455	18621
35474	1830
35501	35502
35507	35284,7765,25148,32639
35544	54543,85177,123538
35546	18330,10715,1443,35525,41984,41385,41286,21528
35548	15540,16388
35549	11530
35553	32592
35579	3536983,1527410
35583	4770,35588,35587
35585	85399,35793,41471,34362
35596	13722,35583
35668	56208,1136031,35711,80125,35709,35701,1099354,35696,35695,35693,35692,35736,1101610
35684	35687
35691	14051,3755,40360,206413,85294,206271,11220,206510,4120,35366,31886,10076,29341,206267,40333,206531,6395,35111,36238
35695	26661
35711	35714
35804	86893,18557,25914,920773,25929,31171,85979,42947,87017,8119
35820	178835,17253
35918	37110
36024	36025
36075	30125,4057
36093	43352,26780
36098	30580,38556,38553
36111	36126,36125
36117	41466,36114
36140	37494,32825
36315	36319,36317
36341	36349
36375	41740,596497,36530
36410	40573
36425	85418,10803,17237,13765,9325,1456454,42666
36488	36488
36572	9952
36592	80142,36600
36658	18767,42789,30193,178811,39478,37361,702221,39336,20175,597439,234209
36665	13443,39337,15392
36674	596132,597659
36677	4312,597665,39339,597130,162703
36765	36766
36847	39185,178633,57671
36864	23618,36911,1171317,205949,30847,17253
36875	10417,34013,18418,1627,20619,936016,19269,33804,42755
36884	2844,14939,33308
36888	282350
36916	19342,24286,39128,6840,19693,19163,9663,18081,242172
36953	36956
36974	36983,36982,36980,597503,600327
37047	5607,37046,872326
37083	1508748,597663,596233,597359
37088	15732,38506,41657,740394,20456,42571,3962,1456822,39070,19572,13362,38002,1816,41582,15967,333641,18681,16059,597184,18965,39231,3635,3537,10520,25568,242184,20507,14394,22346,37089,17979,6625,33687,13604,42024,851578,13404,36974,600142,27854,20672,36429,36572,20564
37089	42963,27497,596601
37253	37949,262950,7301
37268	42111,33847,14527,13720,20435,22595,43346,221036,20758,43194
37274	4943,178668,22593,37286,24141,2004491,24138,702166,23646,22572,549567,11603,30807,38986,37299,597469,22548,36413,80159,37278,41834,26691,37268,10495,33774,889,42109,33860,11644,585186
37278	18188,11630
37286	347390,25202,27960,3665596,7118,36503,4721806
37296	41290
37299	11127
37303	15455,39484,22359
37313	37322,37316,13117
37397	597477,849,23676,37404,597476,39564,18265
37398	42693,178573
37402	37426
37414	162579,178837,597482,9462,1171306,597478,178876,20056
37426	35187
37431	682289,19863,178888,12618,22438,38488,920353,1537075,37398
37438	37441,36606
37441	8093,1442865,596782
37464	16121,37402,21162
37585	597499,9609,11905,677062,596353,37830,3916,9597,25076
37628	596844,597682
37633	597488,37638,597683
37638	597090
37659	28833
37709	597494,28263,1456803,221332,597495,178733
37713	6137,3245499,31238,13593
37802	597717
37813	872318,282597,596799,80171,596495,1537055,24868
37817	42939,597547,597498
37822	13362,38506
37862	132776
37868	1216
37899	2986,28064,17205
37900	7745,17978,37906
37925	228570,205956,205955,228576,228575
37928	2736,2735,4082951,37929
37929	597503
37933	949691,38012,36396,36439
37937	178850
37941	205826,31774,36394
37949	549207,21815
37973	23358,40837,6033
37974	40843,6035
37997	38002
38160	600327
38170	38174,38172
38172	1265292
38250	1113654,872076,596508
38288	20699,29936,7347,195463
38317	597515,597161,178625,2854,33006,178549
38323	8366
38333	9008,12203,597523
38351	684202,17136
38354	1075,17128,38356,585136,17152
38362	38363
38395	35436
38402	38409,38408,318179,579233,318146,38412,38411,38410
38435	596987,597530,456057,542272
38442	1171318
38477	597303
38651	178846,370122,17714
38654	21547,37688,24730
38655	16765,17881,17761,30893,21554,597219,65688
38659	31230,20587
38702	38689
38717	3940
38734	596082,58496
38738	54252
38739	20282,39894
38760	33209,754188,53169,38766,75632
38761	10980
38766	17628,40374,17642
38776	38774,597542,597576,2527,39887,206359,39882,145675,39875,39921,597575,597574,597573,597572,38739,39958,38782,38734
38782	851343,475337,38750,38761,38760,2072
38790	39949
38897	596273,178533,948203,162577,4080,18821,597568,581603
38899	198281,41447
38900	1632,40145,79989,29936,30279,7347,596512,20632
38901	22607,10042,2939459,197489,42903,596557,743733
38910	1425,23065,38899,40591
38913	597629,194053,194790,10651
39005	39011
39029	677482
39044	37991,17071
39062	27869,39067,39065
39082	32897,7286,221030,1527336,1175,19937,349464,795864,1384514,85280,43515,85278,43119,24796,175694,15923,3266843,175702,35222,35220,36992,32460,43202,33046,27726,35012,35400,5859,40517,23374,13720,26691,16667,3266898,15674,162635,35372,265264,28860,39496,10481,85390,162809,7965,22735,1857395,13080,403529,10314,600327,29221,220704,22716,19562,43194,4775,22104,41408,4763,38644,12236,4943,1567741,524620,43459
39115	597553
39194	18894,38856,39195
39195	79722
39231	23976
39241	38585,38581
39350	284941
39401	33344,9597
39441	34910,228398
39446	4135
39452	4781,10090,242202
39476	9264,18837
39485	175196,4302
39536	39736,12203
39561	682997,12990,12780,41113,35339,7271,36847
39584	10417,936016,39590,29191
39597	36770,37868,23602
39729	152347,31939,39727,86596,86526
39771	2575
39836	541746
39841	349464
39858	31990,31434
39859	289313,981,39840,1136012
39882	12772
39921	69456
39981	35244
40034	857305,43194
40053	178570,42487
40077	43474
40125	597584
40128	20676,40147,18021,20550
40135	40165,41014
40136	238462
40147	920350
40203	282511
40288	5795
40300	7634,26845,440744,178784,229619,15282,920780,9780,14609,229982
40329	40338
40336	40338
40360	206555,2331
40361	153064,11311,35920,43395,14055
40395	40405,40398,1257736
40398	32743,40399
40408	39337
40426	447301,40452
40541	597236,597059,1527367,597203,597201,32343,178621,596507,596943
40549	1956032,19124,274912,27934,10821,597372,24813,596944,596691,32086,597402
40555	12551,305062
40556	40557
40558	40561
40614	6462,39623,24002,35179,80138,29997,61851,8188
40615	72953,33229,16368,39943,31935,18546,8286,73393
40648	166033,85828,206588,79904,56695
40649	597600,40648
40667	24352
40669	872089,206691,206414,40667
40676	178867,7262,31727,85249,1390,525003,525002,524999,597701
40682	7621
40691	1457899,53932
40732	40739,872317,935454,23911,935449,597403,178653,935442,596512,597381,178533,1656249,37297,596685,597409,596872,206153,5841,1537079,40736,597629,596557,597041,520484,596842
40735	18133,19627,18129
40818	36315
40837	40840
40843	43388,39128
40877	208407
40880	16277
40919	40922
41080	12322,17861,17854
41113	38071
41177	9170,5098,36442,4259
41215	41221,41217
41217	41219
41226	41215,23270,10336
41242	2191
41305	4886
41361	7082,597553,664336,2210
41370	69389,76374,31588
41538	1537074
41609	7704,596085
41612	596710
41618	596086,13516,597614,13526
41657	9421
41703	1905,18619,34044
41755	596502,271646,872034
41834	14742,14743
41921	42010,41986,42002
41942	28210
41969	41976
41976	35012
41986	41988,178878
42018	10691,392525
42027	41951,597626,33572,22646,41967,5682
42029	21313,4659
42035	42024
42075	42018,33575,41969,42035,18965,42076,42029,178879,5686,22658
42076	5695,22665
42131	42138,597633
42149	11106,27088,14180,7874
42160	22077,596334,221797
42161	42164,22081
42164	4943,8526,22073
42210	597031,16831,4632,42213,42211,80067,597641,42742
42251	42267,42258
42276	23056
42373	597181,42345,14867,1096458,42384,85616,2940,85096,19243,7820,3493,39446,42401,22116,38449
42384	3860
42397	25681,75632,14563,79284
42402	596385,28005,22714,60180,28094,30899,42395
42438	212874
42440	524824
42449	32718,34090,22427
42530	564182,37817
42628	42629
42636	8354
42638	42628
42650	872090
42672	42679,42670
42693	282350,13772,206073,8060,38044
42736	596709,17279,63690
42742	32374,597260,34496,597418,21403,42723,85432,25010,596696,37355,597172
42761	33164
42769	1321909,1261478,9443,40361,597648,32371,1175175,19159,597655,35369,19104,32310,34494,32870,29342,25297,19372,21345,597656,35112,206613
42774	33755,282629
42776	12923,35691,4651
42784	596201
42789	596226,42794,442883,936,16183,597663,178832,597662,15413,42826
42790	36454,28077,456909,242225,596373,2418
42793	31061,1313900
42829	29126,152405
42830	11586,86032
42836	178686,178685
42845	42845,56039
42849	42845,35527,5575,27996,39840,87162,699376
42850	42847,8412,35528,16412,39841,936215
42870	35579,29442
42878	25270
42890	3537249,35339,3255108,178487,42878,42849
42926	600281
43047	11745
43062	597680
43122	34044
43250	332803
43325	43208,238052
43393	10415,36024,6836,178453
43405	43408
43528	4576
45183	92801
50587	71499
52794	39871
53169	38702,6376,16860
54658	596128,42672,202474
54741	31667,8385,8429,1044,23816,23764,24361
55363	61605,205923,206518
55863	7742
56039	9156
56760	22614
60850	5068,34665
61465	72899,80093
61622	85229
62612	28193
72662	3420
72780	34328,597335
76335	5402,32712,55366
77431	36751,589
78973	1101610,1099354
78988	596476,1556093,1556094,152035,238697
78989	7427,30909,35094,35100
79189	21760,24297,214743,383327,21755,282554,85295,21747,83031,85424,62534,26484,125606,79633,143630,123759,21761
79323	597698,29419,76088,50989,33692,55023,16055,22984,29446,69676,9325,59377,42971,76560,59090,51560,13765
79427	596223,872074
79490	21757,21755,143630,597581,14822,9392,596833,21761,21760,21759,21758
79679	19682,79337,14662,37224
79731	6413
80067	206255
80142	85105
80159	5758
80178	25312
85078	16788,37899,17083,23522,23521,43208,8384,1257960,20725,26703
85084	2736,38868,4082951
85096	11875,34734
85104	13058,40652,25955,42444,33262,11202,23828
85136	25286,6118
85140	39452,12144
85249	19495,37039,30897
85271	38661
85316	4572,32148,9182
85330	30448,39679
85387	21246
85400	597162
85559	21711,10066
85605	26766
85655	11633
85669	23449,23467
86024	42845
86143	8000,17728,32976,5558,597347,6153,17741,10799
86181	85091
86246	178565
86345	34865,17337,17287,17262,596611,17256,9017
86376	40663,120465
86388	85537,18747,596977,18735,36592,178672,13560,596453,34379,19855,1171307,17313,12655,23977,11190
86418	440744,596726,596723,178693
86440	9279,9002,8402
86542	35345,34872
86543	11876
86893	34705,684072
86983	55863,3947,17596
87017	24838
87111	596064,872028,597030,4551716,16286,872310,872309,22100,596530,543467,376626,34991,596036,150611,920298,596230,1522449,872083,3665472,872031,21083,1318464,949766,872067,418979,596197,12159,13806,17296,35239,1113689,23694,9429,33968,23878,596759,948092,935452,872064,879626,41620,37831
87162	34272
109497	86123
117059	2570,7075,597197
123538	162771
132298	107103,27752
136960	12197
149654	29121
149676	23374,19880,39373,268583,684324,268579,23817,268575,36161,2986,16952,17919,16751,1257960,85131,599035,596122,268548,23522,23521,19243,17205,26709,28064,2939465,23786,268128,1283620,175683,340968,23195,597143,16788,751753
150611	598932
150638	178512,33612,597632
151313	27888,699739
151744	18789,27051
151864	85207,22876,32965,32045,32987,22865,178805,20217
152021	85280,265264,39685,40761,18816
152027	679441,42790,39338,260662
152036	3241,596567,596754,79611,596422,5234945,33924,596934,3320,597020,678889,27842,21005,597282,596763,20964
154199	12236
154246	751753,597143,175683,596122,268548
154251	596848,43325,15695,342892,1704214,23787,178714,20473
154671	22716,17083,20255,23520,35400,2395
161479	37929
162342	34169
162358	597677
162429	1510471,38187,32827,24473,33626
162448	31623,31621,178797,31618,1959616,7188
162585	22022
162604	3954
162686	11373,11394,29331
162713	16859
162758	70122,8845,16365,74393,22616,30135,61851,85228,78569
162768	596732,596731
162771	142661,26661
162788	162789
175171	596718
175649	392205,206238,597628,596604,597461,162686,30276,15417,597040,347948,596272
175846	41213
175921	80125
178433	10526,30873
178472	597209,53625,597612,597610
178474	178649
178476	597239,597560,596315,1282,1171314,597066,206755,178463,872324,436196
178478	178480
178480	3059
178485	211726
178493	596145
178496	6057,36114
178498	85416
178500	13170
178504	14025,33497,4147
178508	35785,162648,11905,596492,596353,596972,25076,79815,596877,596139
178513	596320,596940,597606,935441,597185,597594,872025,872044
178514	596182,596664,5539,597510,596656,178513,178604,596183,1331064,23621
178516	26764,334664,24299,1959632,282609,23418
178520	35253,86542,15259,15672,515591,40802
178528	178870,15684,17245,80356,16572,22618,596396,596514,178595
178533	18823,189736
178540	7787
178542	23688,33618
178546	41671,4352
178548	178684,34011
178549	85994,109497,178882
178550	16928
178555	27303,39848,4082270,41536,16388,15540,5575,56039,9226,27270,31634,34266
178556	23013,28325,3046,42530,37078,34754
178564	596446
178565	596785
178568	1080,29434,332915,8449,265264,24796,29464,80178
178569	175726
178573	36888,19872
178576	1511997
178577	18338,1455
178579	10620,9262,28420,79245,2600
178580	178845
178589	178588
178592	597119
178593	596428
178595	29989,29988,135096,4520842,220875,220873,38617
178601	6230,60180,9170,13030,3596,13023,31007
178602	29944,34620,684252
178604	872033,178605,178786,596464
178605	32042
178607	596894
178619	597120,596772,872026,751366
178620	1704322,934,19516
178621	597485,596056,597681
178625	14939
178628	1171370,596427,597084,26878,7089,38577,178777,86750,597592,596776,597481,10181,5480,596358,597485,596403,596730,175171,1171302,597681,178605,596056,596665
178630	32136,12929
178641	16462
178642	178640,178639,596587,1829,596585,16453,16452,206225,178641
178644	31264,9131
178645	28128,31180,38836,63146,74565
178649	284941
178650	24419,18852
178651	596606,596602,596599
178652	872041,597527
178653	30275
178656	1136031,178622
178659	242613,920677,597363,1261468,34861,1533585,1113686,79870,40669,12931,872231,17296
178668	2170
178671	270611
178672	178776,596661,596660,30672,31337,175171
178675	16557,21430,178736,9669,11066
178677	35609
178678	178487,17774,102137,70203
178679	302600,596184,1749797,22566,1171312,597722,7589,1517080,18951,814002,11435,1160389,596997
178682	39029
178686	206193,21278
178687	32665,178689
178690	178691,237731
178692	699910,596860,42836,178690,178803,178687
178693	596729
178694	7667
178696	11145
178698	36075
178706	20909
178707	596446,872020,14245,597408,1655037,34606,596417,19848,1962945,679575,1171319,920378,24485,39810,920373,1171310,178706,31749,920364,920359,920380,26018,1536986,920355,1537078,920351,920368,41618
178709	206120,597140,21080
178714	175694,700623,268197,23794
178715	21289
178718	206117,39062,242358
178721	597470
178729	85098,442681,20138,13168,178675,556374,10330,178572
178738	24688
178739	242262
178747	81786,596939
178763	85255,85252,68563,285890,60617,54450,282587,85418,83725,17626,287275,14063,84697,129439
178774	35736,12939,6933
178780	596892,162434
178781	13470,24888
178782	40997
178783	596412
178801	597254
178803	18762,34030
178805	4551893
178818	1800706
178829	18050,1171315,236100,553529,236099,36875,178830,6145
178830	17417,17416,1458155
178832	10985,237452
178833	22265
178840	36584
178842	596134,2936181
178846	178446
178848	32382,15576,16400,687744,37400,37431,37438,35039,10453,37471,15000,37464,37414,178729
178864	596205,596203,935450,596680,596857,5822,596504
178870	8857
178876	178877
178879	41956
182590	36405,178861,17004
184633	20431
192573	596808
194053	27695
197489	40576
199176	596573,596453
200345	8509,597485,596056,597681
203608	597028,2607823
205752	3887701,14242
205851	27819,27654,39538,8487
205949	1527360,2129310,19900
206062	2390,178818,32273
206073	8060,38044
206111	1512901,27028
206126	37110
206153	1504389
206235	85139,13352,18296,1479,1476,34318,1473
206355	110610
206356	31659,31653
206413	28422
206414	5220,39667,8169
206417	501385,37941,21516,10268,27884
206424	376311,14080
206431	596829,596873
206452	6069,20099,20094
206454	34818
206464	26630,178634,26626
206501	34835
206510	11315,43396,14047,702091,376574,220847,43125
206531	35414,30465,949889,13480
206536	25011
206543	35236
206552	524914,538161
206557	42338,19378,19351,33840,206679
206560	10825
206561	376526,14644
206587	206552,34793,34788
206588	166418,1384603,597519
206613	38522,26780,25007
206727	27830
206755	596862,597708,596805
220781	596193,597271,596898,597062,596074,597295,597669,1563744,872376,597095,596247,596715,597513
220806	36140,684298,29224,243071,1568245,26162,684301,22023,684299,21213,13227,596305,13879,684300,16693,596316,178555,38776
220807	32521,596845,38477,596973,1510464,596968,597196,597100,597273,872376,596249,677040,994334
220857	178699
220931	1318464,184009,700628
221102	42034
221533	596683,13516,597348,2971,920360
221536	13819,24489,7800,13526
221788	294,1047
221793	26548
221796	242350,36888
225992	7770,5854,7272,22427
226896	40408,26639,700374,23759
227525	22801
228196	26607,597727
228221	42817
229619	5953
229982	8046,597694
230653	887901
230999	8046,2638,935447,596501
231341	43119
231484	596984,26836,597053,517349,26820,26841
232164	27045,428876,7165,596676,596673,7179,232187
232187	18810
232804	597373,178839,12797,232809
232809	17654
234388	596450,1720776
234533	14550,270857
236099	14534,33575,17417,30846,39584
236100	42251,32045,29928,1827755,14175,17416,42131,7867,34040,25345,151864,242172
239307	596227,1556085,240951
242172	36130
242184	520599
242191	337920
242202	7776
242210	74302,60623,597718,597357,19067,18595,60095,40679,872014,596637,1804,1239,12940,85177,6732,596714
242228	597676,596054,597679
242349	21067,16318,79835
242354	543793,1971810,178568,1655035,687708,15393,275544,262444,553529,162809,497552,175702,12236,175694,10308,15929,37268,596372,702198,32897,596368,596367,596364,596362,596361
242377	23089
242398	13715
242428	22397
242485	21211,5776,11321,3188,597078,162701,523807,596176,178862,200760,1171301,33905,7723,34603,37471,6779,5507,206056,596482,596516
242672	178771,597232,162404,597089,596834,597662,31764,597230
242702	72953,18546,80138,97,85196
242781	242648,85091,1537079,560175,12656,12653,12652
242784	242785
242889	3541373,1641,31448,85196,178504
242893	6945,26814,31923,31849,34261,27679,1041,3753,28040,600370
242896	36442,4259,33399
242940	596795
243021	79183,288472,72108,597611
243041	108187
243046	178705,17789,85845,205812
243071	597321,178501,597512,596560,9235,1579410,178527,596920,597107,597667,597338,597102,178472,597191,19935,596528,596619
243092	10853,1216,230744,8778,36225,16192,29219,597729,10837,10834,7637,1368372,25213,525009,35553,597055,242608,7623,31921,61622,596293,27075,596901
243178	596802,813982,22171,596322,596084,28884,596737,596969,920750,26385,596963,86486,220807
244167	19432
259913	175961,687703,542502
260030	33497
260127	596079,70895,12544
260662	18784,40264,11053,18777,33074
262668	337074,28802,28797
262950	222660,582791,22417,549207,14570,3887652,5938,35561,596392
263661	37933,178568,7302,597458,5940,22408
264879	3504,26266
264995	35066,596118
267988	1306857
268197	23195,744,39292
268283	1627
268559	268579
271428	29882,8373
271633	597168,597167,20459,20615,11849,342218
272242	19243
272448	39504,37937,16658
274869	23176,25427,5138,353744
274912	16161,3899,4838,597382
278627	596294,596960
279516	3448,25872,2503,38702,10980,41041,8809
280039	16278,597575,596400,597617,596581
281865	19557
282204	597091
282313	597291,597633
282350	34668
282384	12133,12132,164662,43474,209738
282519	663655,282384,35525,50175,674428,132326
282554	56978,128897,376579
282555	19590,42398,86073,6280
282597	1537055
282606	23269,35412,23267
282609	27022
282636	2750,8858,1702
301172	12393,30514
301624	35246
301630	597539
301818	13494,36884,6657,1617,6674
301822	28351,14563
302590	35579,42018,33806,20598,33802,20438,20437,27709,29442
302609	2144
302820	596247,596246,596620
302918	11744
312558	7082
314768	597509,12550,39617,38418,6055
318798	27984,600289,26783,30391
319132	30358,32556
324023	3577,596695,5546
324027	38078
325162	1123019,39005,19944,1510458,7452
327606	40478,36941
327749	949590,7418,10613,599044,178873
330148	330206,330199
330208	682477,524824,18210,23263,10196,813171,446228,242772,936079,40329
332437	1878,1113650,31911,596796,596746,597308,596174,13702,597253,5886,13782,259876,42640,744689,1521816
332685	6434
333343	25066,1704247,178802
337074	178726
339789	271097
342892	151718
347390	30357
347988	23175,28013,29383,35493,35973,3380,18026,39462,21223,9968,43432,37125,24706,39738,30230,41383,22071,43506,40302,25556,25553,302583,8574,6632,3818,9148,39411,40238,43481,17479,26402,5642,42306,39297,25424,16980,32207
349231	1818
358430	16375,39763,30350,10976,39771
369760	20926,178528
370122	178678
376446	3402,6006
392008	24591
392200	10284
392205	9199,18768
392206	10927
392207	272242,85110,43194,31306,12236
392702	37763,40822
392707	18621,4096,11615
418979	1095963,596459
424215	20792
425422	12169,12167
430988	37848
436196	597228,9407,8813,37815,37808,37813,596822,260132,37807,37806,13845,13844,16352,596509,27692,597368,596493,596489,26031,597262,597496,597692,597366,596946,877853,597425
440744	872050
441068	9836
445623	42776,597305,178489,596971,42761
446228	331432
447301	1257926
459796	25234
459800	37709
475251	597394
475337	39950,597521
476254	476254
487602	242349,1293950,19941
487949	36614
493522	21888,596794
497243	36220,18923,18916
497552	596371,13364
501385	597491,596394,597658
516983	36104,11167,178652,178651,12238
517349	872084
519671	5863,14441,596752,935610,474643,19633,37296,34580,201618
520510	55863,2154,3947,32167,178791,596381,35191,5479,17596
521119	20191,15350
521367	36098,596416,226896
521829	24530,41351,153064,11311,6035,4576,23281,43395,16085,32064,41227,35585,35112,14055
522095	125901,129533,125894,3503116,38228,133788
522224	5697,85621,30486
523807	199624
524528	35372,236792,4352
524541	8497
524722	1456587,192573,597139,178653,192817,178854,192398
524824	162741
524832	32284,18823,18821,40071,7202,597403
524850	394374,597505,33967,175763,2608059,39038,11307,948203,596218,596546,196571,22983,38270,597041
524925	17801,30952,6961
524928	72189,1022,34340
524940	41260,7054,1990,597154
524941	20239,32593
524942	524943,2610
524944	1492,18358
524996	4006,29279
524998	678107
524999	17837,25647
525002	2594
525003	38769,38790
525045	10598,85159,2362914
541746	8273,12022
542034	86438
542459	23844,596496,597499,37078
542478	596684,178612,597163,178490,597664,597525,597129,38435,35007,597232
543467	5427,597029,40732,1533614,524850,231287,677616,524832,29355,7430,596505,524722,684251,596303,21107,26035,178808,19144,12737,10408,38913,1533607,38910,597435,38901,38900,38897
543793	43459,22680
549567	1916,42900
553257	1328818
553529	10417,19269,33804,936016
553694	38362,29295,597138,36093,31350
557904	597316
562690	325026,15859,325089,1280551
563532	596175,563533
563533	436548
576732	5036,40383,5580
576783	34314,56760,22947,597208,597433,34435
578399	16972,41345,19450,5304,27679,8402,39656
581603	14098,189736,27056
582791	15811,40184
596032	80151,23493,79864,23443,1175
596034	25876
596039	124568
596041	50175
596042	1443,45183,59985
596048	596090,27362,17504
596049	1849
596050	1321876
596052	887947
596054	178467,596053
596057	32385
596059	44602,54846,17713,34348,33640,40078,73209,33634,752312,53379,31651,59239,68337,16937,19472,17868,1464,27120
596063	871642
596064	596060
596065	3536868,22626,684287,34351,34343
596066	596922
596067	2578,10511
596068	86268,22181
596070	221786,1331005,282204,425359,238914,85756,3988,19576
596076	597619,596074
596080	596431,10843
596082	10648
596086	13516
596087	290149
596090	596750,596103,596100,596888
596094	596102,596121
596095	69389,54173
596099	596097
596102	596859,596099,596098,596532,600119
596104	596096,229982
596106	324034
596107	31990,27396
596114	3253,3245,3244
596118	3492
596120	24811
596129	175196
596140	36104
596143	178483
596150	85509,597233,85229,4613,4612,597711,4316902,597134,18154,18150
596152	4654
596159	9452,15040,596160,33909,13621,178848
596173	19868,597043,596717
596176	24489
596177	920352
596183	178524,596354,596181,18704,596092
596186	596832
596192	1363845,15688
596194	596193
596197	32202,596189,596186,19004,32134,23416
596200	596196,596287
596201	5848
596202	61132,5919
596204	178800
596208	4112,206441,206116,596630,34143,28944
596210	10090
596214	13010,596787
596215	1655730
596216	597578,597383,178484,597473
596218	178583
596224	24671,85105
596231	86268
596236	6660
596247	17715,596623
596248	61407
596249	7003
596253	20440,85383
596256	2559,2488
596258	14898,1992,178528,22634
596263	597645,596466,920372,596321
596265	7143
596266	596671,40044
596269	596267
596270	14121
596271	596679
596272	18829,5846
596273	684204
596280	242702
596281	7524,6763
596284	79189,27908,1172779,205752,32082,1136111,27895,8013,28128,19932,18284,13725
596286	9835
596288	596941
596305	872086,25938,596313,596913,596302,596959,25256
596311	597490
596315	3714764
596316	596066,597294,596038,596335,596260,596259,596072,700307
596319	31715,20365,597605,872015,2505,596308,2074,10546,596325,596324,596317,596801,596314,14895,596312,596311,259913,178529,596304,178812,30012,17982,597069,598135,31751,596965,1383,597538,1328815,597526,314672
596322	597571
596323	596464
596330	9002
596339	596340
596343	2403
596345	42497,597394,920772,183822,337184,14675
596350	596050,41290,919842
596355	282111
596358	872037
596362	596363,702159,162530,2881,597199
596364	35372,20255,25958,43459,41341,2902
596366	332965,3495549
596367	339789
596368	19569,221036
596371	2735,27126,2936781
596372	10278,178567,10273,795864,8925,8924
596374	598067,596570,5939
596378	596276
596381	26647,40329,43062
596385	12373,42523,17887,33497,28066,12582
596387	40864,32952,32950,11777
596388	2007,2555
596391	597422
596392	37303
596393	259896,10405
596395	21234
596396	597216,178580
596397	31428
596398	597214,260030,3036
596399	576732,5378,597504,19398,178579,6174,10566,10587,32457,10580
596400	49308,286079
596401	10715,10711,11485
596402	4391,7587,524828,1536403
596404	10995
596407	11427,596408,26647
596408	596778,597590
596411	596778,597590
596416	11429,11382,11399,17562,11443,11350,31104,227130,11343
596417	34575
596421	242614
596431	26196,41041
596434	4048284
596435	34289,34240
596436	8813
596440	41281,1527385
596441	2525
596442	42890,6777,12177,596444,12173,596441,12171,12170,28719
596444	376520,37570,6726,596445,162800
596446	598124
596453	282515,1171189,1171222,596269,9848,920753,33108,1171302,24870,596906,281206,150638,9449
596460	871642,597588
596462	27410
596482	32847,13854,597452,32366,16989,13839,1623258,872091,596389,13867,13819,29375
596483	337037
596484	162537,596483,596437,13777
596493	597609
596494	9199,178611,597624,596604,597346,810627,596213
596503	596502
596505	872317
596508	1113687
596509	37810
596512	194035,30275,596047
596518	597342
596519	596780,597127
596524	596523,178623,596529
596527	205681,2146,22173,3589
596537	31638,8425
596538	14628
596545	596475
596550	282544,597406
596551	154833
596552	28850
596557	10042
596563	596480,596562
596577	34392,16219
596578	1257867,597678
596580	2260
596581	49192,16343,16360
596583	596584
596592	37848,37841
596593	28978,17132,36534,37659,42395,8328
596596	14867,684207,17181
596607	85117,13860,596608,599734,600209
596610	178654
596611	596988,162735,38859,17261,17260,524869,79380,12860,8625
596612	596766
596620	596623,17952,17715,596624,30892,178665
596628	18763
596635	39902
596636	18330,11503
596637	41348,86376,597603
596638	31272
596641	18549,25748,7022,8238
596642	40905,78277
596643	8163,25033
596644	596580,40135
596645	244167,6228,178669
596646	596643,20811,49192,16278,16343,20250,49174,596647,596644,6233
596647	25688,14277,22180
596648	16325
596656	596789,596628,178740
596657	79849
596658	13636,13631,13627,13646,596069
596659	178775
596660	19976
596661	9588,597720,34970
596664	596382,8972,597720,596666,86418,200345,282496,28695,8976,596668,596404,26336,597710,1654610,596669,596104,596667,596572
596667	596950
596672	13516,1623258,596996,199624,18795
596677	36980
596685	194034,5961
596688	596687
596694	27888,699739
596699	8141,21936,17696,16932,24727
596701	1374,27270,41988,1369,31634,36002,34320,597106,27303,31642
596702	563222,596491,2607955,597178,85772
596707	26190,24518
596709	19692,19691,62790
596711	32518,392213
596712	32400
596714	597583,2843,40643
596715	597194,597517
596716	596480,597709,596715,597518,597195
596720	85559
596721	23303
596724	178692
596728	178694,79377
596733	38615,39602,85744
596740	41485,36720,20388,40005,578
596748	74909,20208
596749	596748
596750	920362,598744,23047
596758	596050
596759	596757,596052
596765	3536983,35091,4775,1283620,1857395,597671,596692,10674
596769	282497,596896,34017
596772	597656
596773	153064,38522,597309,14055
596779	1556154,13125,21493,21439,25991
596788	178542,872079,596306,596970
596789	43237
596797	596746
596798	21946
596807	24888
596813	597371,35066,20544
596827	10422
596833	40106,40105
596835	1450275,596836,16315,31694
596838	15802
596846	596564
596848	20623,20476
596850	596854,20541
596872	194035
596879	194937,7347,194790
596885	206275,37179,178600
596897	14139,25246,15283,597601,596898
596901	21868,7603,596901,596900,23828
596902	597880,61467,242643,18437,17742,1479,1476,114838,22009,74785,31165,242194,170657
596906	1171189,150215
596910	33872,37467
596912	596766
596913	29252
596914	11324
596915	596803,596236
596916	12715,268070,25534,24473
596917	2374,60240
596921	3541373,21246,20737
596923	6644,39763,39771
596930	597651,597570
596932	596936
596934	178498
596935	1154599
596939	596931
596943	596154
596944	26955,4630,597310
596951	28174,7841,10760,28123,38838,23783,3967,38749,33628,20284
596963	596449
596966	596956,596488
596967	41612,8559
596968	205681,2146,5456
596969	1328819,596310,178735
596971	1047211,4611,3732
596972	597187,39451
596977	33052
596978	678128
596981	599856,225828,596995,225356
596983	597052
596988	597561
596992	14072,597648,597559,238265,238052
596997	242697
597005	27277
597010	597369,597556,596048,15031,19863,42610,282163,4551781,18576,17446,26093,28811
597015	596224,597027,597026,524869,597019,1510483
597020	3251,41361
597025	597028,31740
597028	920366
597030	598932,597022,597025,597023,392920,935453,920357
597031	4886
597032	596890,598613,18873,22827,27625,85262
597034	36677
597036	597051,597437,596211
597037	597052,597438,11903
597039	34494,597648,596773,856705,32371,1321909,729584
597040	810627,596213
597043	178842
597049	301822,25219
597054	26609,599408
597055	4461,599444,228081,11305,39062,27834
597058	242893,242889,1637,19590,3536867,6931,7680,242912,4382,596280,178601,242896
597060	178601,1637
597061	19590,242896,162758,242889,596280
597063	597062
597065	14051
597067	27270,27303
597071	429631,28161
597072	34140,34429,31375,39858,34424,34325,596435,20924,39836,34407,41177,4721520,31957,33991,40877,31370,31369,22248,72780,30001,52794,22914,178820,34255,597101,4484
597077	8586
597078	597528
597081	1749865
597083	10511
597095	598312,1328948
597096	32520,597093
597098	12899,597095
597099	597415,376452
597100	4793
597101	40087,18321,41917,10843,1407
597102	1268902,280039
597105	178577
597106	18353,42010,1480,596418
597107	597009
597123	5223,27803,83183,20197,2712,15278,24746,53409,2272,2268,17776,699917,5270,26794,5220,17768
597126	22397,42934,3887623
597128	917964
597133	16316,29141
597138	17566,23532
597139	40440
597142	4551663,2508,20930
597145	58778,28618,31656,10287,28615
597152	23776
597153	302609,85387,26457,596457,27396
597154	8855
597157	1655730
597158	5078,22947,60850,43896,34234,30001,39635,14630
597159	935936,20684,43314
597161	20393,597522
597168	43515
597176	24920
597178	729603
597183	29401
597185	596241
597186	178794,28658
597187	553601,920770
597191	36193,596621
597192	32050,79284,6668,27481,21463,17182,30292,20656,70099,30520,35031,687670,3018,32015,299583,389071,50668
597193	28833,85272
597195	597194
597197	22709
597198	597535,10297,21704,700132,3887623
597199	14761
597201	596781
597203	21575
597205	32931,596539,10423,16701
597207	28403,41479,7412,31469
597209	30135
597213	16972,16365,12522,4147
597214	597213,597207,25605,31399,5106
597215	23660,33216,6931,72916,86761,970
597216	5058,31452,31465
597217	69389
597219	178597
597231	38818
597233	1047211
597236	597263,242784,687133,597202,597591
597237	39476,37628,13764,38884,851346,597205,18599,175633,563532,596891,728907,39526,20309,12222,597430,596484,38442,596579,596578,1384604,1674,459800,10106,282189,178587,42784,597429,29393,29391
597239	7703,597489,8550,1656251,597301,13855,11945,872071,596967
597240	597177,1704353,37633,597635,1382104,1382107,597486,1712,302603,14020,9361,17110
597252	32082
597253	36563,242726,242724
597258	32276
597265	137823
597267	7004
597268	71513
597272	597271
597274	13641
597279	597278
597280	162371,597250,41633
597288	28356,25147,373704
597295	596687,596522,3146300,597603
597299	596688,1623036,33666,596194,597295,597704
597300	267988,178650,20639
597302	596526
597303	596524,243102,872079
597305	33739,15154,12470
597310	36248
597312	33870
597313	35028,150277,3808,37313,4268,43012
597316	1306324
597317	597666,596137
597318	27415,40615,40614,18533,596826,20592,33978,3289
597321	4281712
597323	34072
597328	2144
597330	28127,28005,28094,28066,27996
597331	597067
597335	24579,75432
597337	596961,596958,34559,596493,597086
597342	34552
597349	597506,11916
597353	34620
597354	597352
597357	596248,34822,206587,19929,597089,34805,597673,34800,34799
597361	58836
597363	42216
597365	15858,39938,16217
597369	178443,596903
597370	178761
597375	34011,596103,36874
597376	687670,36884,30095,42418,18061,21463,35031,32050
597377	597280,5856
597378	597281
597379	11913,596224,596878
597382	6385
597384	3578
597386	597579
597388	597323
597391	38615,10760,22626,68341,18437,22157,1156,34343,24544,23783,8855
597393	7012,596225,597397,597395,35246
597396	596865
597397	1536627,597398,30055,597157
597400	18974,597391,597365
597403	24128
597408	13867
597421	2007
597423	129533,3503116,38228
597427	79323,8586,26682
597431	36592
597434	178780,42817,37658,4302
597435	2766,2903
597436	234747
597437	596469
597444	14948,25320,25329
597446	2845,14941,597288
597450	20402
597455	596778
597458	5967,476147,29463
597461	22414,596206
597466	18494
597477	21785
597480	36606,22874
597486	596083
597490	20291
597491	6549
597502	597492
597504	6462,26408
597512	596331
597513	597517
597515	596265
597516	597446,596387
597518	597517
597519	34795,34833,34786,34804
597520	597513,597518
597522	8387
597524	596986,597060,596232
597527	17127
597530	596519,178815,597241
597536	41988,178878
597540	19134,19143,8466,22563
597542	39858,39859,597577,599532,39836
597551	717787
597552	597548
597554	596615,15219,596930,178849
597556	8976,2346,596096,5539,596669,86750,597121,920353,872020,5574,8972,1654610,872058,872056,920371,80339,596726,596160,3059,872323,920370
597573	618
597575	39957
597576	18033
597586	700320,1113652,162551,487602,16699
597595	25516
597611	872074,80113
597612	21996
597617	6242,16360,39957
597618	11535,41984
597625	596814
597627	596818
597628	42019,597624
597629	22671
597639	35096,42402,42397,34392
597640	597324,42401,42396,597638
597642	596880,597085
597645	597647
597646	678128,23493,23443
597648	38522,23524
597650	597602,597080,32092,42760,597404,597653,597649,21574,597065,302606,29017,1136253,19186,42730,597654,18895,11139
597652	40667
597653	42774,10827,85224,597657
597654	178774,1167398
597656	30357,3665596,596864,178493,597646
597661	206428,206427
597666	34158
597668	16411
597672	597669
597673	35342,108082
597676	34962
597677	178838,596631,178646
597679	597684
597683	36082
597686	3620
597701	524996,524992,25831
597709	678154
597719	678897,32022
598312	35142,596456
598783	1563744,23796,596563,596194,597520
598977	64635
599532	70166,5575
599775	7294
599799	599775
599807	10996,21429,21428,39449,21417,596785,1328808,678229,597132,857,79623,1140694,4374
599814	1526989,178766
599895	596195,37081
599958	1961118
600104	1171309
600223	29297,80145,3714764
600225	18207
600281	597674
677040	596342,26377,22203,597339,596966
677042	1540677,596295,677043,37088,596962,33927,30660
677062	597171,178564,178563,597585,4374
677482	1171313,596792,13578
677616	597135
678107	33679
678154	524620
678229	683326,21200,596463
678889	178709,21055,206431
679441	3126
679575	920676,920375
681094	178616
682967	23401,85845,24337,41485,25646,10654,17797,17890,17789,1898,41249,36720,33382,31453,22192,40005,3765,19602,42285,3995
682996	39561
682997	178660
683269	557904,872080,9967,597314
683326	920769
684251	920758,3714726,38288,596879,597381
684280	18974,22095,18966,22942,15879,60264,18976
684298	10505,4501,10503,597068,2607,28158,28167
684299	30106,30054,597158,178645,30015
684300	260127,12393,31689,70813,145675,31705,301172,1601799,31676,597695,4082557
684301	178847,86983,37107,206126
687133	242785
687675	392535,786,920760
687707	15732
687744	178822,597480,302823
699376	23413,178638,48858,4082270
699810	687672
699857	136157
699910	277793,597730,872315,242781,1328816,596908,597390,597017,12655,597038,596268
700038	29939,42149,15560,32043,42232
700276	14136,7226,35237,27763,26860,40300,12240,5898,5889,1261210,42027,23884,332437,1123023,20962
700295	597533,596496
700623	20445,23817,20480,20479
700630	234388,597034,598959,1720799,38050,596214,27793,27790,597053,27788,27880,34929,597044,597043,597042
702198	35220
729584	25297,85437
732611	244404,39286
743195	12159,425422,596440
743668	596838
751366	23488
813982	596800,596040,4759724,178576,596391
814002	597056,27756,597545,920344
836205	21839
851343	12403
851346	34519,34538,596835,34524
851578	35258,37315
871172	33924,33929,17400,33933,27903,596964
872018	9453
872026	872034
872028	596375
872031	1964029,23303
872051	6684
872054	596823,1321909
872064	596982,872310,597455
872065	497243,178830,597458,205851,27766,282606,14132,39981,735,12243,27656,37286,18671,42076,178516,30793
872066	1368683,25500,1261473,7097,27656,1430
872067	872085,436548,597036
872073	597148
872076	16030,599856,18956
872083	597389
872087	178476,872307,242485,920678,376436,37943,597586,596323,872088,599807,178628,5574,11900,872069,199176,178514,178707,17395,9622,872047,14275,1328817,21060,1331092,33085,87111,21925
872088	178742,596178,872037,596358,596955,1328820,178604,178511,596427,15320
872307	15915,935449
872309	872085,596266
872323	1328814
872325	872032,556374
872326	41432,41429
876936	376528,9609,178561
877853	597507,24485
878544	853897,7194,1449563,27059
879626	41755
887813	9017
920298	12167
920312	16163,10596,42056,35161,5595,24660,2668
920314	596638,282558
920350	677607
920351	8307
920352	596117
920355	221533,2978
920356	7767
920358	11884,11876
920359	17195
920362	597283,597685,3065
920373	920365,6290,23072
920378	920363,10702
920379	178478,178477,42615
920380	597688
920676	920356,376335,436548,221536
920678	597634
920751	225828
920758	20699,392535,29936,7876,195463
920772	1171310
920774	36220
920780	17472,872050,596508
929301	596882,1659543
935441	5770,40288
935443	8946
935447	42894,41178,2630,178551,43425
935452	596500,596505
935453	920366
935473	15936,1659424,2210
935610	27944,9541,1802,36759,919842,21069
948092	30276
949691	3872,35012
949766	3536731
950105	79940,24662,24864
973585	26207,357659,597128
995681	23859,10148
1050848	9184
1095963	1278444
1096458	178570,948441,264995,40053,3850,13922,596298
1112211	23897,19159
1113651	15934,597276
1123023	36270,36505,597466,38989,37269,23005,22567
1140618	43262,13769,18563
1140621	22742,16504,3086
1140694	872063
1145628	19937
1145670	35222
1171189	596063,596460
1171222	1095963,597588
1171315	19342
1171316	178866
1172779	211726
1260873	3507
1261210	1963704,18067,700038,929301,487949
1261473	23827,7140,29463,16057,3714542,178493,36220,18923,27708,35412,553580,23269
1267092	27088,26844
1268902	596041,596635,597573,596147,597693
1279296	23434,23473
1291775	3330,43552,206527,3321,3342,3338
1305430	9528,9547,9546
1305702	28659
1318538	27320,14321,879
1321909	38522,23524,4281802
1321910	358314
1328808	178543
1328809	178715,8100,596947
1328810	43271
1328812	178877
1331005	422771
1331092	9013,596501,29205,596886,596953,7600,7597,178762,596932,1655036
1331262	28863,391916,242691,15460
1363845	23825,23823,23821,8731,3591
1442934	162745,25250,164371,39815,75303
1443053	597120
1456784	36349
1458155	85390,30185
1510464	178663,596527,37081,597302,2518,162847,596626,21027,33627,596689
1510471	42870,42842,3969,42880,42875,42850
1511810	8089,23013,872080,37447,596093,36594
1522384	36866,86287,86582
1522449	41626,597025,203608,1955835,31765
1527367	36690
1527392	21246,16712,21081,21742
1527398	35273
1533607	1425,37995,596872,24203,40071
1533614	40591,23065,32284,597403
1536403	4645,2937287,4372
1536627	231825
1536985	596983
1536986	920354
1536987	5972
1537072	546040,596386,2325273,597643,4308,34229,42829,152377
1537075	1973,40336,1510472,13170,13146,152128,872325
1563744	596562
1564897	32636,596281,7752
1579410	282384,35525,20811,16343,49192,6233,41385,286536,34145,41286,30896,597574,59985,49174,4475,60103,17066,1367
1601799	31716,6711,31701,34320,32575,596068
1609432	178709,4364,24899,5806,18133,21051,596761,20517,36202
1622501	8018
1623036	597304,33627
1623258	42434,553601,596531
1654608	597731
1655035	596371
1656249	5976,596278,185468
1660195	86208
1703206	33218
1704247	31153
1704306	596222,1095841,392200
1704322	8018
1704330	11405,11334,31090,262444,40451,80233,11346,24636
1704353	920584
1705480	3779
1735318	1323109
1749865	178666
1955835	743733
1959632	23484
1960228	19653,5715,4034,43393,1050848,27922
1962945	597511,34589,24671,39985,34575,4400,597348,26015,40395,8797,853,16356
1963704	14533,33572,39597,36628,30851
1971810	596366,3492,152021
2362914	5587,1269683,221074
2551393	237547
2717971	32144,699918,1214,16016,22478,752243,15491,55673,147080,40018,54868,41236,15502,15525,1258132,15522,15518,8742
2825055	178760
2937358	596793,38525
3203358	597387
3263723	273115,4601,242606,743668,272448,161479,39980,4161,178671,9938,15408,332685,35127,1306570,3714660,4760,5604,43250,281865,560570
3536867	19450,39656
3537249	8318,6657,6674
3541373	35179,724441
3665472	596060,1533658,597117,596911,392920,596904,596500,596510,596411,279025,597378,596597,596982,597174,597389,597455,597467,872060,13218,596187,7975,596375,596165,596469,596757,596851,597625,596266,596459,596553,597036
3665596	9663
3714509	12715,814150,21280,162429
3714787	682708,37925,7806,6104,25285,1537072,18220
3887623	596659
3887642	152314
3887652	19552
4048284	16375,26056,9011,9079,24002,2333,40879,29997,12010,8188
4082764	1306859,21832,1527298,8354
4281794	31006
4281802	36457
4316895	37018
4520842	1291208
4551663	41964
4551716	10408
4551893	13537,32914
4721453	27868,29132,11882,27813,30443,596694,151313,36396,40997,15469,7286,39621
4721520	2503
5234945	178709,4368,301896,178498,20967,20966,21055,178575,3314
