1259	10934
1551	21747,1551,9392,21764,3653857
1645	3653615,304515,3653613,3653633,3653310,1645,3653603,3653614,3653483
2007	961485,37982,6882,6881
2073	3653295,3542457,3653433,3540781,3653301,3539102
2092	2092,440016
2771	2772,355614,3540784
2772	3653411,4301633,3653996,3653995,3653994,3653993,3653647,3539175,3653393
2844	3653635,3653809
2845	3653628,3541404
2932	2934,17302
2934	3539945,3653998,3653997,3653852
3138	3541928,3654046,3653792,3653791,3541964,3653790,3653990,3653989
3158	3653315,3653519,3391
3233	3653926,3653304
3237	140575,10590,14405,262964,35608,73372,73371
3240	3655918,41165,37962,35891,907410,66531,58445,26202,55856,28923,52796,60591,73560,14806,22419
3289	3653915,3653409,360105,3653330,3653413
3295	16293,2711,1700695,37532,60234,3652718,4079904,1047,33603,17817,12383,48250,86197,32838,728810,48504,32831,20316,56301,25746,25646,31849,3652663,71808,22046,1962,31448,3885063,3543425,86728,27358,27355
3299	3653617,3653432,3653362,3653913,3653401,3653446,3299,3541363,3539112
3304	3539947,3653288
3364	3539170,3653524,3653730,3653637,3653728,3653729,3653717
3374	3653618,3653904,360396,360395,3653442,3653691,3653414
3376	1517282,3653380,3653377
3391	3653342,3653457,3653460,3653353,3653902,3653391
3392	3376,3653389,2073,3653597,3539171
3405	13036,242896
3416	3653799,3374,3653734
4632	39620,8359,41305,3653890,358314,700144,3653292,31237,3653328,358297,41469,32066,3653450,12551
5789	3652792,15506,15502,15491,40018,3859426,15528,42971,15518,982025,795575,3709760
6684	3653486,3653553,3653552,3653757
6968	66005,209475,169614,389169,1120106,71972,4482910,2699902
7158	12253,3654021,3654020,3654019
8359	3653262,3652918,3652917
8425	2412,3652831,12757,34261,27679
9392	210630,218633,4301614,3640212,1136535,3871462,216231,4288415,218640,538777
9924	361904,180108,361987,493823
11625	1874314,358061,471863,3653566,3653726,3653752,3653942,3653284,3653281,3653761,3653505
12253	12258,520442,70285,25132,1050,3653187,770121,12265,11689,63986
12551	12551
12798	3653659,304490,1563714,3653815,3540009,3653558
12799	25446
13036	3653470,3653329,178601,3653873,3653412
14930	76836,39286,935916
15314	55738,3652598,637887,77539,3539978,1714166,32831,18305,3653278,3652573,3536997,10303,22046
17302	3543420,3653865,3540034,3653538,3541360,3541359
18061	60787,1268876,4301617,3540031,857937,937609,524639,18062,1271607,2713522,25326
18100	18100,3653547,3653959,3653818,3653539
20592	3653456,3653690,3541970,3653311,3653814,3541361,3653860,1874525,3653390
20656	522260,23610,3653367
21027	358334,3653858,358321
21081	1562036,21081,3653350,3653372,3653856,3653320
21403	3652558,3652557,3652556
21747	2199,254119,796545,699817,3848580,244713,2603873,21735,21734,164613,3652807,21745,391001,3652608,3871458,4542175,15980
21764	537670,218986
22086	43832,1619629,11145
23610	23610,64906
25010	3653248,3653247,3653246,3653245,770689
26458	4521,54835
26698	6992,74714,75227,3540724,2421,382131,6220,59469,1047,294,64777,24730,59506,48365,1135662
26782	3652430
26833	3653434,3653954,3653448,3653883
30292	3653750
30512	3653842,3653445,8425
30842	3653454,3653453,3653681,3539174,280049
31237	3652514,3652513,3653238,3653237
32066	3652515
32374	3652521,3652520,3652519,3652518
32539	32535,9316
34085	216971,3652545,3539955
34496	3652486
35923	35923,3653224
39052	3652606,3653085,33798,31495,31469,3652906
39620	3653220,3653219,305062
40125	3653894,3653341,3653974,3539982
40135	3653133,79691,546882,46882,3652706
40615	3653340,3540800,3653339,3653426,3653441,3653351,1997166,3653395,3653394,3653897,3653396
40616	3653891,3653338,3540773,3653440,3540024,3653459
41305	3652576
41469	3652488,3653217,3652525,3652524
42210	3653931,4632,42742,3653758
42742	34496,3543421,1319755,26782,32374,3653947,3653472,21403,3653374,35923,1721102,25010,301508
42890	3653317,3653337,3653336,3653334,3653930,3653746,3653840,3653323
53932	1445625,1445578
65002	23726,8947
85824	3304,3653335
150589	3653407
178601	6230,107994,1700683,31979,3596,74710,244821,31007,86160
180108	3653399,3653556,3653850
205997	526513,205996
242896	3653356,3653436,3653435
279175	40135
280049	25893,31955,2436,2435,52865,4499,76079,38666,62587,32032,3539976,39266,6976,59424,104449,2645,3653180,40193,54667,2680,66082
282685	13084,71070,4960,30903,71957,3652826,3652616,59692,28089,2164,58192
282686	3653410,3653754,3653498,3653833,3653763,1511537
301508	301508
304317	108941,7738,7737,7735,7546,7545,55013,7727,7538,54999,7716,7714
304319	7562,7557,7556,7555,7551,7550,7541,53882,55008,7537,55006,65295,55000,117881
304320	7561,7560,7559,7558,60405,7554,7552,7549,26651,4542193,4542192,4542191,60400,287573,3652883,4542158,108946,2699134,4759128,55014,55011,55010,55007,55004
304462	2615,6686
304475	3652560,301527,137996,3540740,32825,3653115,304475,3652561
304490	3653838,2007
304515	27302,33497,53941,2334,30812,76166,31937,76772,65961,7299,37707,6403,30040,40233
304533	3653525,3653798,360720
304550	22516,3652695,23754,54480,25729,3652823,3653076,3652427,3652564,3652539
355614	5227847,3541393,3653444,3653903,3653371
356622	75628,7047,85174,12472,12471,44923
357659	3540711,3653819
358061	3653732,3653731
358123	3536934,950191,32857,3536924,302226,682919,3539125
358297	882692
358314	3652517,3652516,3652722
358321	3652961,3652960
358334	770704,1321960,4224790,301503,57002,2713599,4059024,3652495,78049,672596,3539969,3652672,4291320,62525,4048265,2717174,73188,301513,12547,1827835,593472,443681
358430	26833,3653537,3653536
358509	3653545,3653932,3540717
358514	3540005,3539177
358516	7012,18880,30054,3536832,28158
360048	3654009,3541375,3540776,3540015,3540014,3654010,3653975,3540038,3653580,3653941
360105	70122,8845,16365,74393,1099456,43479,59873,51086,85228
360390	3653496,3653747
360395	2641,903411,8269,33126,20336
360396	650171,3653098,8241
360720	3653832,3653551,3653711
361823	62986,55003,246584
361904	3653802,3653408,3653804,3653803
361987	3653458
440016	3541399,3540799,440307,3540798,3541398,3540698,3539110,3540765,3486460,3653277,981916
471863	471863,3653811,3653487,3653554
493823	4721945,666513,5227846,493823,3652550,3871433,593516
521939	74765,142923
522260	209366,2714632,73629
556112	3653938,3540037,304475
593367	66837,9014,140591,76803,79466
593802	246421,851344,286224,290883,48306,2555
682871	12050,3539971,3420,23660,9170
700144	3652444,3652485,3652507,3652506,3652505,3652504,3652503,3652502,3652501,3652500
717967	3539972,2520,7004,304483,33631
721844	3652836,3652738,717929,2194201
724804	3539192,3653841,3653379,3540790,3653810,724804,3541405,3653343
732611	1313616,1701687,244404,2346970,963839
1257954	915142,538927,972314,1176415,4519118,913246,762662
1319755	1720918,3464497,4542180
1443768	3536753,3653921
1511537	3653822,3653660,3653287,3653943
1517282	677667,25677,1721300,210657
1518041	4759133,77275,6456,85272,121902,120107
1533693	3542473,3653836
1562036	10592,2607219,85149
1563714	3540780,3653862,3540033,3541388,3653461
1704311	3653316,3653978,3541394,3653500,1704311,3653817,3654016,3541936
1720756	23566,300205
1721102	3652490,4059162,3652498
1744619	11276,24200,1260298,25603,70242,1744619,13090,39644,8293,2983838,3652811,30092,35823,26187,3653129,55923,4519292,4045520
1874314	3653776,3653715
1874328	8803,16295,1874328,5301,256552,3653100
1874329	32334,20811,164815,115510,3541379,3653186,1960121,77379,165032,49263,75770,1367,21528
1874525	65185,14892,54151,40879,39468,16296,77013,72828,28126,16375,26056,3179470,114875,164835
1875221	37512,4320,18034,18033,104696
1997166	40180,210380,78168,73047,75630,103045,38803
2013096	3653844,3653720,3653358,3653702,3540787,3653514,357659,3540718,3540714,3541403,3653596
2266957	39854,2266957,3652613,8168
2917337	3652645,541155,9279,8402
3536753	359091,3652920,115656,73994
3536920	1142934,208926,79083,8838,69717
3537128	1176308,966107
3537139	145106,1453642,42313,1144403,1172636
3537250	3653570,3653866,3653357,3653655
3537307	2699758,3871426,134499,3652542,3709474,4519232,1306772,4082411,700580
3538923	3652859,5632,3541397,3539968,37688,17861,74757,3653158,3653143
3539087	1655,10192
3539090	3700403,3652979,358708,3700389,939232,3652959,5227831,2927178,1828451,1276807,4059159,3652888,3700404
3539102	65696,76959,6463
3539108	66535,532578,50393
3539112	31507,25381,3652611,3652849,244656,15046,3652632
3539113	22209,3653080
3539119	82608,24027,528023,74554,85542,965129,286651,1101838
3539128	22181,27679,6945,31849,30480,3653188,360174,31923,3652614,948,1041,301366
3539170	3540779,3871469,3653469,3653349,3540022
3539171	717670,51809,672708,2698692,3536920,3653541,40845,65175,30896,733397,3273711,4079830,388638,281666,762737,19453,14921,4519273,2001856,2699,1134659,2743752,538927,3540021,4042960,765273,1998098,1831828,3653683,3886731,1948068,20402,3542957,4682397,62941,2354637,4086265,3852671,1527027,146224,3540756,3661315,3539171,2350866,71568,26256,52416,3993,4519428,26251,1451341,4055478,2316164,2744440,3652605,1176309,914297,123931,2987716,3659087,4746084,4049141
3539172	145975,257190,41536,1443,51027,73633,1101425,56471,47115,3652528,20740,1698215,41037,31634,21246,4301629,60771
3539173	3540754,3654026,3539172
3539174	75870,38665
3539175	40610,25387,40219,57626,2001271
3539176	16673,62648,771650,42839,3652641,3540721,700580,3540761,20196,85259
3539177	3653967,3653966,3653965,600370,3654006,21234,4691336,13615,3654005,732290,3654007,1327841,7018,3539177,24730,16410,3653973,3653972,3653971,3653970,3653969,3653968
3539178	3653979
3539179	3653130,75541
3539183	3652628,3652799,3652796,3652795,3652745
3539184	38684,3652832,38702,38722,37134,24452,38687
3539185	907850,5308,3653117,3653113,1948374,3653157,3653107,82607,11777,40864,4905,146010,60501,54201,3652868,32950,360564
3539187	85191,85174
3539188	3652448,3652582,3652647,3652623,3555537,3700391,1100674,758542,4707396
3539189	3652468,3652470,3652464,75928,3652471,100672
3539190	66165,3653079,3652818,29193,22245
3539191	770544,28009,28053,354652,3652830,27996,50558
3539192	28053,63584,27996,55710
3539193	25942,22625
3539936	14563
3539937	14479
3539938	32912,114873,77147,77857,21252
3539939	51150,257343,5227843,3653190,3652708,1870115,2926870,76107
3539945	873118,6400,3653164,33124,3652874,15120,3653105,23660,12050,3539963,73571,3653179,3652848,3652858,25384,54241,1608295
3539946	51080,301556,24337
3539947	48045,40613,608
3539982	71774
3539984	3653174,5088
3539991	3652925,40958,137757,55463,70570,19435
3539992	41031,3653109,768401,3652669,64088,33405,65972,66101,39865,3653097,3652684
3539994	5116,15824
3539995	42523,16986,3652841
3539996	116190,128513,2697,12054
3539998	3652852,8183,134337,55147,25039,10547,1174893,3653165,164386,3653160
3540009	3537128
3540010	3540017,5203371,3540010,4524703,3653437
3540011	28356,2158,650248,24321,15025,59849
3540012	25598,6359,31404
3540013	18100,358430,3653753,3653497,3653623,3653872
3540014	3653884,3653423,3541402
3540015	3653885,3653422,3542951
3540016	209389,379955,2959379,3652654
3540017	11522,41236,3652822,20197,8742,2928889
3540018	3653416,3653680,3542958,3653424,3653370
3540019	3653208,3653207,55573,3653205,36071,3653199,4057,3653252,770438,3653192,771612,73983,5011,120436,3653273,59708,63384,3653255,51254,54547,2825247,37549,3653223,12228
3540020	28978,81876,50940,378482,4080009,3871443,937846,3661450,2348248,3871431
3540021	33223
3540022	30557
3540023	3653312,3653421,3653420,3653419,3653650
3540024	25386,175159,301379,3652847
3540025	28356,28369,23566,25175,57558,24321,25147,43822,47683,72866
3540033	1302002,1302086
3540034	78264,3495432
3540035	524959,768182,304982
3540036	3654025,6684,304533,1645,12798,3653535,3364,724804,3653735
3540037	3653309,3540037,3652644,6711,6709,3652919,6686,771535,6699,108124,108121,3652667,61347,108111,6681,108101
3540038	3653830
3540039	2587184
3540040	76115
3540041	28073,28157
3540042	12373,17887,22252
3540043	25942
3540044	25942,60203,172907,29274,76705,74391,1882489,63953,25872,54259,22625,52751,5227826,69488,3653134,13547,9074,69765
3540045	25872,29274,40263
3540046	71074
3540047	536495,282386,28902,28365,2351042,753645,65162,8809
3540048	3540759
3540696	5059,58831,9170,23660
3540697	3653204,3653201,3653235,31364,3653195,3653240,3653268,54195,84186,970
3540699	285590,4329353,3496793,4547776,16384,68771
3540700	175162,3143,68483,2348231,64870,3653122,86073,527189,52762
3540701	86073
3540702	68483,86073
3540703	3653625,3653624
3540704	62076,2679
3540705	62076,34336,28741,70200,27444,25373,18242,3539954
3540706	4599,60879,18165,41499,27603
3540708	27444,25373,8168,62076,3652820,28741,60838,6834,8947,30092,7241,2679
3540709	27444,2222801,30576,3652821,38425,28741,65023,22487,27603,42313,32535,9316,73374,73371,2679
3540710	16875,7562,27444,16673,41499,30827,66520,2499,39644,771992,14806,2680,3653271,27603,8293,32535,73371,27780,52796,40341,30092,42313,8168,3653136,3854019,22487,262967
3540711	41190,62922,3652438,36442,301374,4259,3871455,10582
3540712	3871451,527316,16967,649350,51691,3652776,39245
3540713	25942,28902,983,3540713,8168,102834,21978,3652442,20281,39644,8809,3854019,8196,6020,27603,32535,73371,28157
3540714	3540710,3541353,3653908,3541962,3540047
3540715	7906,65636,144567,14961,8196,3539979,28157,27603,28476,38687
3540716	3854019,62648,27603,39644,32535,8196,3540716,8168,3652442,8809
3540717	3653906,3654011
3540718	3540731,3653520,3653678
3540725	5308,16298,3540725,32950,20268,11777
3540726	5308,32950,3540726,11777
3540727	16351,5308,16301,40864,16299,16298,32950,20268,11777
3540728	3652766,3652953,3652992,3652896,3653054,3652801,3652912,3652910,3652909,3652908,3652907
3540729	3540729,3653054,3652912,3652910,3652909,3652907
3540730	3652973,3540730,3653054,3653138,3652910,3652909,3652908,3652907
3540731	5308,16351,16298,10137,360518,11777,40864,65865,140594,772364,20268,3652565,360534,32950,11705
3540732	3653503,3653303,3653506,3653504
3540744	25175,25147,17508
3540745	3653386,3653385,3540011
3540746	3652787,939230,3652735,3652911,3652732,1170003,2604206,1112096,2193892,717762,1260235,3652768,3652716,717761,1630394,3700407
3540747	3652791,3652740,3652784,3652456,3652455,3652783,3652785,3652734,3652733,3652779,3652786,3652775,3652774,3652770,3652717,1875129,3652758
3540748	1260235,1630394,2193892,3652787,2936902,3652911,1112096,717762,717761
3540749	3652791,3700398,3652786,3652785,3652784,3652783,3652780,3652774,1875129,3652802,3652456,3652746
3540752	15837,60156,27396,71152,69739,772505,3653108,22635,358590,76653,673815,3652862,16377,51247,60504,2918009,20740,38878,2714681,21251,63268,53111
3540753	937916,1451502,4279599,4762758,90306,772319,937917
3540754	2335
3540755	663733,286738,754188,1435444,1145759,376637,525005,292818,1176315
3540756	1721377,526371,2974289,1700874,2931926,2980094,2604307,3192263,541315,2827667,2987648,3899947,3181682,1121849,4301624,3886623,1176020,4079208,2987430,2713008,2713007,1506770,3852841,4287815,2987417,3853822,1455147,4045494,4045493,1831796,3467876,3896940,2930789,3501358,1707080,3818721,2980091,3853921,1122962,4086264,2697961,935989,1698364,1831731,4080091,1135135,4058811,4078312,4524315,2986924,4049146,1516119,2351398
3540759	3652881,41236,6217,162745
3540763	2092,3653767,3653515,358514,3653748,9924,3653491,358509,360048
3540772	8736,9053,6217,3653092
3540773	55964,64304,32910,12010,71082,6213,53117,76784,60485,9073,6795,24002,8188,3652855,11279,25051,29997,59772,55891,50844,59862,62092,2333,9033
3540774	50436,25217
3540775	3654004,40125,279175
3540776	3541390
3540777	30454,5308,56396,57258,16301,10137,11777,65967,44955,40864,140594,25815,20268,55936,32952,32950
3540778	1948374,5308,907850,40864,82607,54201,60501,4905,360564
3540779	22616
3540780	26885
3540781	38432,36637,60696,41920,28096,7257,23972,243666
3540782	3652552,25741
3540783	51149,55909,17245,5330,33228,2347974,9002,74551,59869,2586675,55775
3540784	3540697,27556,3540784,78240,16245,211011,25688,3540019,72022,17592,3541368,6864,60583
3540785	77497,22176,73076,71129,72032,52944,19476,39542,3652808,54773,2075715,40846,8932,15840,1927
3540786	37129,37125
3540787	3653845,3653522
3540788	25872,29274,52751,40263,28095,1882489,2193815,74246
3540789	5059,12050,23660,71810,33218,69758,39629
3540790	22478
3540791	2587204
3540792	126774,717900,614721,536004,24480,381600,24477,543448,3652563,126777,24472
3540793	3653289,3653854,3540715
3540794	3652554,32857,43934,21968
3540795	3653584,3653583
3540796	62648,5025,8292,19497,43983,57846,981809,11588,70570,3540766,55151,69351,8196,5041,7906,665,32857,3652547
3540797	665,11588,54157,12341,8292,21978
3540800	23870
3540801	121780,3652838,77410,12498,771957,35976,3653093,3652441
3541353	3652465,20811,209227,1367,292819,42646,40987,17066
3541355	50436
3541356	301343,301341,1322006,3652863
3541359	72155
3541360	39925,19469,25668
3541361	3652697,36516,4743,19217,3652551,54249,19469,10552,39925,54306,2132,51241,288495,2640,25668,30883,301408,301407
3541363	9011
3541368	3653214,3653210,3420,3653203,3653244,3653194,68738,3714569,3653234,3653230,3653272,72245,2586
3541369	55151,7906,950191,5025,79015,57232,105668,3652819,283828,3653142,3653176
3541371	665,11588,21978,8292
3541372	1882245
3541373	53565,3653132,3653131,175158,35179,771017,3653172,3652842,3652562,35167
3541375	3653477,3653476,3653834
3541376	674428,288165,1566826,4045491,132326,1456409
3541378	63242,3653119,20196
3541380	25270,31862
3541386	60692,15011,12203,71554
3541387	873165,3653260,60196,8294,43355,164608,2699364,25156,21186,55938,25854,9025
3541388	76840,71132,6376,16860
3541389	1832021,16277,64113,393080,936148
3541390	3652583,3652579,3652622,3652586
3541391	3266849,878309,28156,3871437
3541392	11082,5324,18318,650263,61990,61964,61940
3541393	3653150,14710,23863,12291,3653253,3653206,25842
3541394	78956,32143,16016,6188,1170000,872913,38418,141582,33621,42071,2823,256103
3541395	16280,2006,11710
3541396	78794,149381,2064896
3541400	1722260,77497,22176,73076,71129,2934193,72032,60657,8932,19476,39542,73992,54773,35633,40846,53817,15840,1927
3541401	379200,3714572,257685,140610,15121,12081,43611,771311
3541402	145055,378335
3541403	12050,3541403,9170,72510,3539964,53114,33218,23660,39629
3541404	27368,15099,2825599
3541405	3652878,28008,3653151,14708,12289
3541406	3652652,3652653
3541407	64582,983,3968
3541928	54483,6681,3539977
3541930	41030,6388,3653173,53071,3652844,7299,5320,40233,3652886,3653114
3541936	1571583,378366,48470,772394,668961,168273,966370
3541941	142785,24480,20259,3653254,37494,377349,24472,2615,74757,137984,32825,74722,3653231,3653135,6686,65527,7200,982353,78774
3541942	3653405
3541953	6644,72171
3541954	39763
3541955	4542172,3653218,2575,3652921,3653181,3653200,59680,55578,52945,3653146,72511,58721,771707,13360,39771,3653128,3652607,39763
3541957	289313,245514,71097
3541958	144576,1702776,246415,2830183
3541959	74769,37494
3541960	2712,30909,83183,3652678
3541961	673966,981,165590,12086,25631,3871461
3541962	38706,38745,38670,3652541,38687
3541963	70975,38681,75470
3541964	851342,771691,65517,24477,24476,3539956
3541965	28157
3541966	291772,249289
3541967	25656
3541969	2931958,874161,1675326,216660
3541970	25219,1565316,1313052
3541971	37508,142890,3652870
3541972	17725,16745
3542456	4542170,1739462,4519229,1615657,3273401,4050579,718043,291140,4519728,1137427,4475875,4519112,1302054,3490795,3817397,102139,1695579,962517,2919267
3542457	15039
3542459	14707,14704,25760
3542465	3652536,6044,12547,39615,3542465,3652631,3652538
3542473	76843,85161,175022,52585,171447,536495,287721,30771,8809,28902,76075,379881,527129,28365,14310,65162,2828290,1507354,282386,73704,533545,753645
3542931	16282,25042,25152,76799
3542943	3652484,3652621,3652450
3542950	3652581,3652649,3652619,3652636
3542951	3652463,76030,211492,3652475,3652635,3652587,162680
3542957	1328025,2935436,1832027,1367202,728747,2346801,3657270,393022,1567130,2352806,995188,3658706,4055433,279218,4542166,4055417,4724806,1533699,2742503,3853839,879427,4055109,796392,2742502,1832049,1831854,2973446,2987603,4722567,2698152
3542958	1452002,54084,41041
3542959	3652626,75962,75958,75932,3652589
3542960	29193,22245
3542961	3653848,2932,3653540,3653516,2771,3299,3405
3542962	123047,3871439,298130,526058,378466
3542963	60304,53230
3542964	3542964,3542456,3653632,3653826
3543420	14277,40905,18549,74414,22180,8238,63252
3543421	3652508,3540026,3652493
3543842	3543842
3543843	3652987,3543844
3653280	3653787,3653786,3653785,3653784,3653919
3653281	3653743,3653741
3653282	57981,83256,29112,12525,3712232,3653282,3652856,23992,3652837
3653283	531483,13015,55747,51162,3653283,526501,54129,72916,55869,25853
3653284	3539991,3540786,3541965,3653521,3653896,3653284,3653471,3653468,3541371,3541369,3653415,3540794,3653452
3653285	39052
3653286	3653024
3653287	15314,26698
3653288	3641,2191,77906,129975
3653289	126774,74722,142825,3539182,37494
3653290	60470
3653291	56849,57233,76295,56836
3653292	3652445
3653293	32911,29994
3653294	31990,3652850,76096,83381,55477,58765
3653295	8163,77375,32949,525079,25241,25033,20823,10583
3653296	1956280,25942,60203,172907,53570,3652839,63953,74391,39832,69488,75503,22625,69765,3273754,16277,3539958,13547,55375,767000,9074,3653171,76705
3653297	1958126,3244837,2746078,4279601,4759130,1611934,1570906,1565750,3501981
3653298	11259
3653299	16278,537894,1120386,1142738
3653300	78442,527189,22642,52762,2348241,126120,2348231,86073,64263,64870,68483,3653122
3653301	76080,31965,26236,10927
3653303	32950,25815,20268
3653304	3652602,38425
3653305	3653466
3653306	20740,5099,60504,27396
3653308	3658013,795635,293359,3539967,123677,770206,304866
3653310	3653610,3653605
3653311	3652942,8161,57831,3652594,30438
3653312	2723449,3652754,3540767,3652753,717929
3653313	4059158,3652724,3652723,2960912,3535926,3535925,3871442,4535697,4535599,1620263,3871441,3264599,1952576,4542173,3700400,3652453,3848705,4050748,4759134,1737290,3652744,2356045,1654733,1635037,3871467
3653314	3653905,3653696
3653315	3653916,3654003
3653316	43031,612505,58366,15056,956,31406,55939,5640,31444,117899
3653317	721844,3653326
3653319	3654017,3653322
3653320	676831,3179547,2744325,1609931,1608841,3491331,2343589,4043954,1609165,4505511,3489764,663182,2718773,3254570,3885145,245109,3852217
3653321	53396,42839
3653322	3653110,42845,65844,3265280,56039,3653121,20316
3653323	3653770,3653332,3653331,724326,724325
3653324	20554,3542945
3653327	14695,44410,8318,12319,4542159,6657,3539962,6674
3653328	3653250,3653249,3652496,3652447
3653329	23570,64871,3652892,3653005,3653004,3653003
3653330	40778,31392,63841,3652593,27999,22154
3653334	3653771,3653333
3653335	3540039,5789,3653977,3653417,3541380
3653336	3653318,3653327,3653321
3653337	3654014,3654013
3653338	301409,3652439,20404
3653339	30815,31935,16383
3653340	5013,54138,66787,18546,66477,60473,71098,13136,40988
3653341	25644,6983,3652612
3653342	23556
3653343	40373,31448
3653344	3653824,3539178,3653579
3653346	42682,672663,42679,78257,3530172,42670
3653348	29276,11701,145185,3779,24328
3653349	886584
3653350	966666,717758,666743,5227835,1122087,2353893,1872109
3653351	376160,9026,16367,8290,39955
3653352	3652604,33705,15021
3653353	69734,34235
3653354	39644,8293,30092,11276
3653355	60389,754659
3653356	70561,33254,77388,53947,66139,5578,11785,41009,65760,15042
3653357	66078,66834,12203,12145
3653358	3541378,3653952
3653359	40372,61330,61328,61323,663351,7080,17642,8287,17631,992,17628,350998,40374
3653361	351000
3653362	3652875,109002,70592,15043
3653363	41090,175162,55445,34282,3653123,3653120,628458,25625
3653364	31408,3653156,3653155,12390,57606,6246,57605,3653166,3653112,84711,8281
3653365	16875
3653366	142046,169964,904505,1876200,1696547,143083
3653367	164678,28833,37659,209211,1872203
3653368	13832,41175,1874716,3653254
3653370	38702,38722,38744,38745,3539181,38710,75539,38687,38686
3653371	914729,528166,297635,759933,540623,75632,754647
3653372	63041,383429,4550350,962603,92801,1619966,26933,359156,284559,1541483,541315,3657824,1172637,1882138,5139878,1619962,72980,2930696,1174995,4740904,1718383,1678805,2742797,2756957,4726929,85379,4059170,4044947,4278675,1172734,1723401,1699926
3653374	795661,1701734
3653375	209499,2955629,1120110,2937472,2241628
3653377	16778,49065,10711,3871425,16343,44401,3652869,45093,3652809,671970,4475,16360
3653378	70585,3653084,3653170,3652610,70455,53618,3652615,347993
3653379	43319,30899,1612882,70313
3653380	907349,618,92801,92777,39902,59985
3653381	6230,25641,23863,107994,256089,58446
3653383	3652544
3653384	38774,2699951,5661,66033
3653385	45010,25147,17508,33308
3653386	262965,68922,25175,57362,25145,33401,57916,13340
3653387	3653400,3653348
3653388	15133,39512
3653389	3653388,3653839,3541958,3653346,3653298
3653390	17845,25840,72736
3653391	31957,12191
3653392	31681,70895
3653393	15846,3653196,3653236,25376,64311
3653394	31968,33459,39943,25497
3653395	31184,6481,33229,40979,16368,30969,39936,58518,76513,50458
3653396	56643,959,25678,164858,40989,8286,33399
3653397	76275
3653398	30817,73917
3653399	771795,1698893,3489483,60228,291216,754820,246154,82646,60933,772321,60930
3653400	54670,57218,30095
3653401	70072,41038,59690
3653402	9008,10560,14561
3653403	65517,771691,37688,24480,74769,3652549,24477,74757,22957,3652860,126774,3652854,24730,64585,32483,142931,3652599
3653404	40898
3653406	20264,28426,3653242,2984006,15109,11816,69008,3539957,58193,3652939,70742,9214
3653408	33509,22029,771000,361921
3653409	13065,12030,33743,23961,20934,9010,28420,54270,11685,41056,3652629,29105,13085,2600,22057,58199,2644,24778,1377670,72896,51607
3653410	3653285,3653780
3653411	6491,27348
3653412	525678,1098261,36579
3653413	66673,76804
3653414	25153,34417
3653415	3652534,3652532,39867,25397,3652449,25417,65988
3653416	38685,38684,38683,38706,75523,38676,38693,3539959,75510,2348596
3653417	40018,108092,7649,3539965,17238,9325,3652634,14563,50876
3653420	60236,772267,3652639,3652690,3652666,3652688,357084,60241,60237
3653421	301499,3652687,3652686,771913,60282,60281,60277,60276,60275,5227827,15888,357059
3653422	982156,3652492
3653423	3652650,3652473,1956796
3653424	38700,38675,3540719,38689
3653425	3653291,3653855
3653426	380393,30077,2003424,26388,84528
3653429	3653089,54157,21978,8292,618388
3653430	8783,378091,650638,3653101,139919,85154,172827,34665,15620,3652428
3653431	3653939,3653587,3653561,3653764
3653432	48044,42291,68897,72076,58426,220780
3653433	39871,40878,6971
3653434	2014108,29310
3653435	3652692,5098
3653436	3652696,699481
3653437	1722685,4505508,2366367,246269,3195420
3653438	526399,53108,65656,51696,378675,28005,64568,3652829,28094,15772,78703,28127,132512,28116,766108,28066,71304,4695019
3653439	59867,76032,610174,206816
3653440	53217
3653441	24056,171023,123091,9079,9071,2000088
3653442	3653083,34283
3653443	77379,35629
3653444	60492
3653445	6945,53526
3653446	69751,2725260,213404,6949
3653447	41942,3652429
3653448	301418,3653243,3653197,25659,3653266,3653193,3653215,60130,3653233,70591,7248
3653449	31463,30078,64324,66774,650237
3653450	3652922
3653451	8024,42105,1143018,55568
3653452	62648,376892,3653125,8196,72159,57799
3653453	70217,30840,70557,3540722,52772,30830,30829,55921,30827,72176,53155
3653454	25643,12093,9077,29983,16267,27324
3653455	12373
3653456	251504,78839,78847,1436328
3653457	25023,15821,39832,3652853,60477,55709,1911
3653458	3653270,3653269
3653459	6462
3653460	22322
3653461	14963,40209
3653462	3166,3653144
3653463	3871440,300205,26088
3653464	1096768,30895
3653465	3814772
3653466	4330903,77144
3653467	8929,77163,3653149,13092,3653111,54120,3653148,12522,3653141,3653091,58389,54672,55468
3653469	42528
3653470	2403
3653471	2503,1187,14961
3653472	3652510,3652481,3700406
3653473	3653107,40864,20268,11777
3653474	5308,32952,32950,54201,146010,4905,20268
3653476	3652468,3652627,3652461
3653477	2316763,2317275
3653479	3652857,243237,26156
3653480	41942,24730
3653482	731033,677829,294,937932,5227821,3273487,7072,86444,2342719,3652543,15020
3653483	53532,32896,116569,55021,53799,25859,905464,3652674,75783,116294,68475,4147,5320,946
3653484	3652720,2194257,1875131
3653485	3540730,3653935,3540725,3540713
3653486	3653847,3539994
3653487	51511,5025,16673,301304,28157,58263,21978,40958,8196,7906,32857,16875,63779
3653489	3539946,3541941,3540032,3653859
3653491	770246,3653502,3653937,150589
3653492	3653868,3654002,3654001,3653378
3653493	1569608,56913,28040
3653494	3653869,3653355,3539939
3653495	3653526,3653493,3653528
3653496	3653682,3237,3653631,3539113,3653352,3653870
3653497	3653595
3653498	3653871,3653801,3653800,3653933
3653499	3653940,3653594,3138
3653500	1831808,2975435,2698385,1739768
3653501	3541376,3540755,3653569,4542181,3541969,3541967,3653443,3653816,3653692,3653392,3653892
3653502	3654008
3653503	8992,18513
3653504	5308,16301,16299,16298,54201,82787,82607,174938,82944,71836,16374,4905,51556,62097,12227,58004,304612,11707,360564,360537
3653505	3540732,3653676,3653675,3653671
3653506	360534,16351,2137694,3652595,352536,16294,360518,11777,771950,40864,63076,55899,3652567,11705
3653507	3652885,3653258,3652833,5632,3653159,3652923,3652827,205704,57135,31422,71042,600489,3652901,3489575,7343,3653169
3653508	3652828,37508,142890,38143,3540720,772032
3653511	60157,25611,11812,66677,1169997,25810,60187,2658,76823,4726765,30800,1873633,1701455,60167
3653512	74493,3652880,11786,15827,12201,69021,65870,24977,3858054,55894,2350948,59791,31447
3653513	3652526,4759125
3653514	3653523
3653516	40616,40615,20592
3653517	3653475,3653880
3653518	3653751,1443768
3653519	3653893,3653293,3653404
3653520	54094,31990,72652,21246,12091,36079,53097,30078,73631,961209,16377
3653522	3652894,60520,1321948
3653523	1531015,387288,4550124,1693912,1566537,1134659
3653524	3654032,3654031,3654030,3540046,3654033
3653525	3540801,3653887
3653526	65152,6405,772241,25605,3536876,3653163,11892
3653527	971579,3652810,30350,3596,2335,724441,1742789,3539970,40108,2698280,529793,1176316
3653528	68377,1611088,284941,27360,12772
3653529	12022
3653530	1145610
3653531	3653474,3540701,3653630
3653532	3540043,3540709,3541963,3654037
3653533	3537185,3654036,3654035
3653534	3653276,3653275,3653274
3653535	3653773,3653649
3653536	3653963,3653962,3653961,3653964
3653537	3653960
3653538	15846,51908,246631,31432,143993,3652872,2026
3653539	76516,2144,249529,3653183
3653540	3653564,3653789,3653646,3289
3653541	379149,1134467,80719,2563,2698706,1130428
3653542	3541372,3653953,3653398,1875221
3653543	3652835,76286,3652618,30071,3652840,78643,31469,795712,27373,3652816,3652906
3653544	15840,35661,28735
3653545	3653828
3653546	3700399,1508750,4325235,2343921,27358
3653547	9262,8793
3653548	3653710,3653778
3653549	22265
3653550	50559,15137
3653551	37556,70570,59699,71330,63739,3652865
3653552	3653455,3539995
3653553	3653831,3653438
3653556	529934,257928,3652446
3653557	525227,9014,3652879,58415,48038,14563
3653558	3653640,3653639,3653638,3653769
3653559	3653980
3653561	3653934,3653704,3653707,3653589,2844,3540703,3537250,3540745,3653565
3653564	3541953,3653837,3653511
3653565	3540749,3540747
3653566	3653517,3540048
3653567	3653387,3653627,20656
3653568	3653936,3540729,3540726,3540716
3653569	43474,45212,963398,1453933,540694,209738,164662,3713958,663655,909839,12133,12132,971023
3653570	15011,8275,3652876,14942,14938,14912,72151,14927
3653571	3653046
3653572	3240,205997,65002
3653573	3652951,3653017,3652900,3652997,3652967,3653009,3653071,3652798,3652956,3652978
3653575	795635,3539966,4293375,537270,3491971,4059165,907402,770206,304866
3653576	3539974,795635,293359,770206,304866
3653577	795635,293359,1313386,3540723,123677,770206,304866
3653578	795635
3653579	3653308,3653578,3653577,3653576,3653575
3653580	3542950,3541406,3653875
3653581	3542465,21027
3653582	3653039,3653232,3653034,3653256,3653025
3653583	1518041,3539186,3540744,3541386
3653584	3653861,593802,3540699,14930
3653585	3652969,3652982
3653586	3653490,3653481
3653587	3653703,3653813
3653588	3653035
3653589	3653402,18061
3653591	3653425,3653492
3653592	13954,529351,76126,16225,4301611,2343853,772089,388753,1099677,2983812,138666,69805,65895
3653593	3696416,137904,60231,718050,540213,768119,4045824,717539,717537,4301626
3653594	3540020,3653686,3653430,3539187,3653988
3653595	3541401,53932,3653958,3653957
3653596	3653543,3653300
3653597	1259,3653626,3653876
3653599	6931,763832
3653600	20352,3652511,3652497,3652512,1924,384641,3652499,86140,3652566
3653601	3654018,3653586,3540793,3653489,3653602,3653324
3653602	3653888,3653600
3653603	3653609,3653604
3653604	3652983
3653606	3652927,3652948,3652924,3652736,3652986,3652890,3652999
3653607	3652949,3653178,3653013
3653608	3653007,1302013,2928411,3871438,4301622
3653609	3653012
3653611	3652737,3653057,3652711,3652891,3652728,3652703
3653612	3653011,3653006,3653051,3653047
3653613	3653613,3653608,4301608,4301606,4301628,4301627,4301623,4301621
3653614	3653797,3653612,3653607
3653615	3653796,3653611,3653606
3653617	31412,25382,25629,33148,105205
3653618	2828299,52432,52430,52429,52427
3653620	3653591,3416,3158
3653621	3540795,21081,3392,1551
3653622	3653294,3540752,1257954,3653449,3653907,3542931,3653634
3653623	3653314,3653542,3653622
3653624	10621
3653625	3652457
3653626	762659,11015,20789,206788,1143,71126,253355,26259,68314,13089,14582
3653627	3540791,3539087,3653925,3653366
3653628	72862,25639,28355,25616,38149,38148,30072,11185,29995
3653630	52940,36078,127615,69454
3653631	30125,301336,301333
3653632	10648,17797,87163,5304,961965,36002,1318649
3653633	22860,54836
3653634	60201,59865,57982,2698676,72315,54219,3653099,50409,65166,3653153,78840,50403,38792,12091,1937,6351,73631,40377,21246
3653635	25503,38148
3653636	25942,27444,25373,772481,13090,58677,20281,39644,25872,8293,74750,8196,3540008,27603,71626,105668,19468,26187,665,9074,2679
3653638	3652440,3653116
3653639	3653118
3653640	3652721,3652743,3652788,3652760,1302137,3652759,3652789,3652800,3653070
3653641	3653019,3652926,3652994,3652968,3652989,3653055,3652454,3652729,3652889,3652773,3871432
3653642	3653072,3653073,3652433,3652981,3652704,3653001,3653000
3653644	3653066,3653226,3653225,3652902,3653062,3653061,3653060,3652435,3653031,3653227,3653040
3653646	3653722,3653645
3653647	3652947,3652962,3652752,3653049
3653648	3653030
3653649	3653653,3653652
3653650	60282,60276,3652639,1572718
3653651	3653042,3653261,3653028
3653652	4542161,3871429,3871428,3700395,3652451,5227842,5227840,3871466,3871465,4542176,3652719,1329978,4059171,3652712,4059160,4542177,4300784
3653653	3643658,5227823,1532737,3700394,3652806,3652805,5227841,5227839,1170013
3653655	66078,14942,12203,3668765,12145,14927
3653656	3652742
3653657	3652739,3652725
3653659	3653585,3653573
3653660	3653877,3543843
3653661	16351,5308,32950,20268,11777
3653662	32950,20268
3653663	3652965,3653053
3653664	3652966,3653002,3652954
3653667	3652993
3653668	5308,16301,360564,12227,11707
3653669	3652904,3652971,3652899,3652895
3653670	3652905,3652972,3652970,3652897,3653010,3652975
3653671	3653662,3653672,3653668,3653665
3653672	16351,40864,771950,16294,2137694,11777
3653673	3652991,3652963,3652432,3653137
3653674	3652767,3652763,3652974,3652980,3653069
3653675	3653663,3653673,3653669,3653666
3653676	3653664,3653674,3653670,3653667
3653677	16351,25815,11777
3653678	3652765,3652988,3652964,3652903
3653680	2927898,2929237,41044,3652709,1579345,2146455,2146454
3653681	3653018,3653015,3652985,3652705,2930041,2052681
3653682	3652707,3652489,717871,358905,3652710,4759132,2079438,2079437
3653683	4522081
3653686	717419,3652452,5227844,3652727,677814,4059163,2928684,5227837,5227845,3652898,5227838,3871445,3871444,3652750,3652749
3653688	3652741,3652998,3652757,3653008,3652952
3653689	3652996
3653690	3541358,3653161
3653691	3652933,1869889,3652803,936150,3652932,3652931
3653692	2929688,4723313,1976853,1827180,1613391,939237,717880,3871446,4058848,3871454,3486538,939216,3191261,2928676,1977391,4765557,4542164,4542162,1998239,5227834,2929052,4530989,3854896,3883388,4059167,4032879,4059166
3653694	3653895,3653689,3653642
3653695	3653699,3653693
3653696	3652777,3653050,3653021
3653697	4271581,4033631,4759127,2959419,2701863,2733073,5227833
3653698	25826
3653700	3653641,3654043,3653688
3653701	3871448,3652990
3653702	3653661,3540728,3653701
3653703	3653360,3653428,3653724,3653376,3653619
3653704	3653698,3653629,3653484
3653706	3700411,3653808,3653807
3653707	3540746,1720756,3540748,3540025
3653708	3653774,3653742,3653305
3653709	2845,3653945
3653710	473,46100
3653711	19134,3652535,3653127,3653126,524684,126367
3653712	3653513,3653534
3653713	772505,28067,650237,16377,285260,20740,31990,33056,12091,68738,60201,50403,5099,66774,6351,27396,53097,31463,22635,40377,59868,25042,132515,877860,30078,75667,21246
3653714	5059,12050,23660,58202,53114,71810,39629
3653715	3887664,3653462,3653898,3653782
3653716	14806,65841,3653090,38670,286402,8168,2193811,8947
3653717	3653571,3653588,3653909,3653286,3653582,3653562,3653812,3653648,3653644,3653651
3653718	8929,175162,33405,55445,12390,64088,3273576,52946,12522,34282,76805,31408,41090,55468,76382
3653719	10961,17507
3653720	3541930,3540753,3653911,3653557,3541961,3539128
3653721	3653914,3653749,3541942,3653282,3653533,3653532,3653531
3653722	3652764,3653016,3652955
3653723	3653917,3653354
3653726	3653725,3653723,3653781
3653727	30842,3653918,3540018,3653572,3233,3653745,2266957,1533693,3653944,1744619
3653728	3541392,3539938
3653729	3654029,3654028,3654027
3653730	3541373,593367,3540782
3653731	3653923,3653384,3653677,3539984,3653716,3653783
3653732	3653549,3653924
3653733	25616
3653734	3542963,3540041,3540774,3653928,3653464
3653735	3653706,3653793,3653768,3653744,3653946
3653737	3653290,3654024,3654023
3653740	3653058,3652434,3652778,3652797,3652977,3653068
3653741	3653296,3653912,3540705
3653742	3652437,3653742
3653743	76110,3653743,18242
3653744	248719,126174,717550,386393,3653744,662811,216784,288171,2825622,287041,2698291
3653745	3871436,3871435,3700401,3871468,3871457,3871463,3653239,358865,3871456,3653745,3653222,3653221,2928856,3871460
3653746	3653746
3653747	3653747,10980,144098,8996
3653748	3653307,3653302,3653478,3653846,3653563,3653748,10164,3653509,3653555,3653739,3653598,460977,3653510
3653749	3653749,772093,3652680,3652861
3653750	3653750,17687
3653751	30520,3653751,70093,3652726
3653752	3653548,3653752,3653976,3653447,3653867,3653560,3653373,3653418,3653369
3653753	3653753,3653382,3653949,3653599,3653713
3653754	3653754,3540706,3540796,3653950,3540696
3653755	3653755,3653636,3653473,3654047,3653508
3653756	3653756,3653479,3653546,3653403,3654038,304550,3538923,3653507
3653757	3700409,3653027,3653757
3653758	3652509,1276976,58782,3700387,3652915,3653758,1532221,3652762,3652761,3652658,3652657,3652656,3652655,3652590
3653759	3653657,3541960,3653759,3654034
3653760	3653512,3653397,3653901,3653760
3653761	3653718,3653900,3653761,3653714
3653762	3539193,3540704,3541389,3653762,3653299
3653763	3539998,3653364,3653363,3653684,3539992,3653910,3653467,3653763
3653764	3653592,3653948,3653494,304462,3653764,3653736,3653527
3653765	3653981,3654042,3653765
3653766	3541966,3653766,3654045,3654044,3653283,3653987,3653986,3653985,3653984,3653700,3653695,3653694
3653767	40277,22086,3653956,3653767,3653530,3653529,3653951,3653345,3653482,3295,3653593,358516
3653768	76891,65374,75007,66685,53091,753183,3653768,6938,55723,14025,78836,165703,136123,118168,57301,72857,72973
3653769	32613,20261,8273,40899,20273,56831,4975,25696,10581,603520
3653771	75501,53116,39840
3653772	63449,76890,642440,14563,163082,30071,771442,604284,31469,60183,27373,78643,76286,14479
3653773	3539191,2917337,3539119,3653853,3540783
3653774	3540777,3541395
3653775	3653777,3653727,3653762,3653581,42210,360390
3653776	3653779,3653899,3653550
3653777	3653501
3653778	53396,2607750
3653779	25684,41086,49289
3653780	3653820,3653772,3539185,3540700,3539176
3653781	1874329,3653881,3539184
3653782	25684,41086
3653783	4519213,40845,129022,42839,3653102,3653077,165631,3653185,22265
3653784	2598,76034,766326,6378,82966,6168,114771
3653785	16229,85251,33429,59688,65183
3653786	85237,23660,25887,3639
3653787	3653209,34414,37760,63103,24001,32899,12702,33216,1888,3653229
3653788	3653319,3653920,3540023
3653789	3653922,3540712
3653792	3652957,3652817
3653793	3653795,3653794,3653697
3653794	4542167,3653037,3871464,3653033,3653032,3653067,3653026,3653023,3653044
3653795	4059157,3652748,5227828,3652755,3652731,3700408,2733369,1962523
3653796	3652751
3653797	3652958
3653798	3540042,3540707,3540727,3653927,3540789
3653799	3653429,3653929,3540788,3653439,3541356
3653800	3541400,3653685,3542960,3539090,3700410,3539936
3653801	3539190,3539091,3539937,3540785
3653802	650160,63803,22028,22003,37524,6703,3652638,21971,63827,63744
3653803	21961,4082771,63830,66116,63746,147942,1017,63806,21990,22034
3653804	22041,63817,63815,63810,22026,63757,123865,25869,22005,63829,63828,296806
3653807	3653074,358689,3653059,3653048,3652436,3653045,3653043,3653041,3653038,360734,3653036,3653029
3653808	1276887,3652781,3652715,3652772,718096,3652804,2931929,3652771
3653809	25826,39601,16366
3653810	22267,28735,4718
3653811	3652443,3653216
3653812	3653022
3653813	3540044,3540708,3540040,3540797,3539179,3541407,3654012,3541355
3653814	3653087,3653086,3653147,3652847,3652846,3653140
3653815	3539183,12799,3541387,3653851,3653643,3541954
3653816	164815,20811,163272,209227,1367,909381,286079,42646,249458,17066
3653817	1620287,1145760,1999375,1121991,2000145,53336,4057,12777,12582,247025,3871424,79594,55729,40207,3539961,63479,71043,51254,33567,70166,54547,2974521,50066,77126,253563,288672
3653818	5035,33209,3886073,1881274,38742
3653819	123043,14479,3833028,31469
3653820	76286,14479,30071,78643,31469,642440,27373
3653821	3653708,3540775,3653518,3653567,30292
3653822	3653406,3653878
3653823	3539996,3653886,3654022
3653824	4301634,3653361,3653889,3653313,3540012,4301632,3539108,3653359,3541957,3653297
3653825	4301781,3660996,1099414,281666,86073,85149
3653826	2698220,3272698,40976,3884837,173083,23791,2937,142805,48897,3490329,281351,1530889,1321596,149368,718066
3653827	3272344,3700396,1134535,305007
3653828	3652625,772051,4316785
3653829	1273019,3652620,3652570,304961
3653830	304977,1136262,1828393,304982
3653831	286185
3653832	3652887,6694
3653833	28128,34085,4542171,282685,4033633,3653833,3264621
3653834	872916,361485,3652700
3653835	304999,1273022,304987,304984
3653836	2742587,8806,31987,30031,73591,60493,27353,31953
3653837	60394,68887,71809,101700,72127,65835,286263,34295,51917,123163,69772,72732,48007,11064,31977,59752,31974,10725,1040,7710
3653838	40869,2502
3653839	1311070
3653840	35527,6710,57610,5575,21547,28027,3653840,42874,34272,606070,70034,34266
3653841	55740,10525,644503,4969,63340,42674,62068,27329,38795,148398,52752,40108,54207,55146,31441,644519
3653842	31923,17889,93437
3653843	3542459,3653843,3653656,356622
3653844	3652630,21528,3652431,57610,3968,12695,19134,1047,10648,15109,42839,4541993,3652597,3652984,137988,3653844,32831,4541383,32143,66522,35527,3713860,10592,72980,27368,36085
3653847	23665,31013
3653848	3653590,1260208,46948,4078701,3529928,3896714,1138235,3653154,37537,245179,3653848,4731850,1874328,73379,30512,3653495,477,70694,2745274,39623
3653850	162922
3653851	56686
3653852	58831,15058,6931,70570
3653853	1142985,76648,2604635,33215,3652730,3659310,3529352,11824,402,3653189,215278,3652472,2827241,3491162
3653854	17890,17725,37688,3540028,24730
3653855	3652693,3652664,58224,3652659,11134,12052
3653856	4482,5227825,39736,1144149,298067,25677,58218,2347624
3653857	4886,129341,80225,543456,1955474,289884,164674,123407,32414,4731737,81002,244748,3871453,71359,23324,44659,937851,796561,1706668
3653858	132092
3653859	41175
3653860	8221,14987,77073,3540006,3179535,7077,113293,6226,6222,36442,62664,25627,77995,33473,66418,68673,3652934
3653861	965390,1455035,754011
3653862	59877
3653863	3652522
3653865	33487,15131,28215,2825616,33439,3652825,51482,43339,22614,37537
3653866	76660
3653868	53289,1365976,5100,3652530,24547,1113707
3653869	4759129,3652571,3652637,25373
3653870	39834,145184,1664205,34239,14964,66807,3489682
3653871	3537307,3540778,15843,3540702,3653871
3653872	3886496,4301236,3653999,3540772,2930764,3652916,2825327,4283710,20196,3653872
3653873	165921,54202,2933912,246330
3653874	3652651,46056,252667,3640098,244672,4301616,524959,3886551,3652487,2369192,1744278,2348690,1311253
3653875	893383
3653876	1135132,2475,5740,26234
3653877	3652790,3652793
3653878	71099,2347007,63912,76714,138305,1880419,53229,1321984,624744,392426,66796,55930,54668,78811,69787,125654,772056,55904,58425,2981321,55897,771169,3540030,54236,69753,2698448
3653880	57621,142822,20196,6710,57610,379135,17986,54409,4301604,5227822,77089,111063
3653881	25872,2825682
3653882	2001525,4059168,541153,1622308
3653883	43606,40382,76456,1510448,56732,25379,4609,146011,3871427,76341,71968
3653884	3818757,2983948,3475363,3652482,3652555
3653885	4317304,891498,3652665,3652548
3653886	246904,3009,3001,78595
3653887	77015,68366,3652685
3653888	3653065,32105,14792,5821
3653889	53105,537551,246689,906166,61996,903898
3653891	3871450,65959,59678,4542160,2348738
3653892	22230,3253985,537439,4688747,40221,254211,2983876,1871526,759032,2983877,1138226,1434792,3852938,66805,2606637,1508759,1667052,3541379,3660913,2713595
3653893	77071,38326,28113,5661
3653894	12344,3652699
3653896	55332,22237,20281,32838,3653279,1964,1962,37518,14448
3653897	208216,139007,3885614,753678,247194,299792,78849,1722267,2936870,73393
3653898	60825,65767,6674,288792,953467,3653162
3653899	3652893
3653900	13085
3653901	1142933
3653902	356357,72804,163557
3653903	9014,32036,123902,118092,69760
3653904	120726,4301605
3653906	3652624,3652531,3652483,3652643,3652523,3652568
3653907	17718,68334,3652871,132515,72247,69638,5099,57678,3652930,66803,33056,3652533,64164,28067,8466,76092,3524
3653908	62648,57799,3536923,142916,74727,28157,3536922,3536917,71036,8196,602838,72159,32857,73085
3653909	3653052
3653910	65180,52762,1101148,52759,3652617,52946,296800,243449,65834,41098,78442,71069,3653082,57763,10620,908935,70563,76382,22642,3143,163091,534301,77316,54340,58895,2348186,85173,85170,171302
3653911	4759135,57143,18318,4535718
3653912	36079,57720,770939,68367,3642427,74281,3652603,76793,3652694,3653081,3539973,41660,76110,16278,71626,51736,55711,2348593,40379,62106,3652945,107497,301302,8280,600823
3653913	377265,657912,1871983,38807,76829,70525,2698764,60135,78844,75262,60926,1699861,64636,893761,530684,59837,53067,6863
3653914	50461,3653184,3536914,349918,772076,3653914,2744960
3653915	78569,168388,65858,1530072,971637,578,42665,106291,619323,40805,69709,245561,66624,28277,85208,1533126,1880288,49506,41249,76652,813171,66561,3661282,25912,2825616,68485
3653916	57515,12082
3653917	41499,4599,8168,42754,1703334,3854019,27603,2983945,2499,73374,73371,16875,85259
3653918	1268,65636,4599,57144,78622,3541391,55915,68881,663241,25638,16610,3653918,32539,3537139,3653365,3540045,2744850,4482908
3653919	2001572,55720,79856
3653920	4310578,3179929,4086553,14822,1328071,937950,3653920
3653921	1337242,43668,249582,3713906
3653922	3854036,3652574,25242
3653923	52761,73085,3540029,10980,102840,2374
3653924	3652683
3653925	913469
3653926	4082272,12024,124008,37209,3502652,35554,22487,3854019,40341,27603,53076,2499,27780
3653927	3652813,3652575,77015,3653168,3652702
3653928	30864,68006,813205,2260
3653929	70517,34403,771436,82286,13974,8129,60819,85176,68788,165603,3653139
3653930	3653679,721844,3653325
3653932	3540035,3653827
3653933	966225,969324,3541955,3653740,103049,2982078,59471,3653933,3542962,1869620,15843,965618,50339
3653934	3653934,732611,3653719,11185,3653463
3653935	3653427,682871
3653937	3653687,3541972,3653705,282247,3653654,3653879,3653574
3653938	3541396,3653849,3540792,3541971,3541959,521939
3653939	3653939,754280,164398,3652944,3652943,3653544,3653306,3653843,3653381,3653712
3653941	3653829,3542943
3653942	358123,3653825,26196,543464,525227,61078,12091,20306,3653465,3652882,60389,6699,48318,3653942,64164,3652866,3653738,50962,24480,3653733,11479,46882,2260,78792,22322,20281,65093
3653944	6968,361823,26458,304320,304319,304317,3653882
3653946	3653375
3653947	2608637
3653948	524684,75432,215087,25405,50451,9325,73999,31379,12403,24476
3653949	40382,54086,3540769,40373,12403
3653950	20740,5099,16377
3653951	3177235,2825264
3653952	8742
3653954	8296,3653263,3653264,8223,3653213,3653212
3653955	39419,3652580,3652646,3652461,3652584,3652585,3652469
3653956	1962
3653957	936139,51511,3700392,4301607,3661283,123903,1690432
3653958	4059156,4759131,3652714,3652713,1562240,3652938,3652937,3871430,3652769
3653959	2350656,41931
3653960	10976
3653961	6055
3653962	15707,16971,30310,1096766,242531,206049,62619,128603,69632,114872,4234
3653963	38627
3653964	58279,41345,1981
3653965	23610
3653966	53122,36534,8328
3653967	40162,40160
3653968	50622,30123,21219,31430,3652756
3653969	62740,544336,7445,25746,5321,30859
3653970	41289
3653971	4301620,38753,16945
3653972	142046,10132,1961852,2986922,25876
3653974	53332,25830,33511
3653975	3539188,3540016,3653874
3653977	4309207,14968,35158,2364481,3886460,4278463,6972,1831905,2713632
3653978	57257,11602,1098510,3713057
3653979	76808
3653980	3652559,134110,61751,37135,55804,59459,377223
3653981	61863,220578,3871434,61851,63322,209210
3653982	62923,60206,301374,1614557,2827093,66332
3653983	596004,4259,3652929
3653984	64007,72507,37114,3652682,31566,2699179,60182,1173376,3652671,71081,51528,94813,3653182,77981,108530,771458
3653985	76723,3652660,3652677
3653986	3652928,301371,71103,34301,60190,301373,4082411,71324,62674,76687,360172,3652812,134250,33447,3652946,301375,25624,76664,30082,77081,53533
3653987	771461,73547,41023,54568,65832,69833,12125,612470,163025
3653988	38633,33321,50521,75614,3653251,658922,17226,6979,147037,51156,31978,650163,3653198,106556,53791,3653267,69562
3653989	51515,63105,65512,3652426,51244
3653990	51519,304541,3539975,3652662,51252,3652633,2372,2371
3653992	3653709,3653759,3543842,3653721,3653344,3653766,3653765,3654041,3653760,42890,376447,3653756,3653755,3542964,556112,3653499
3653993	6405
3653994	30873,31376
3653995	3653202,11817,3653257,53535,31982,3653211,33493
3653996	3652837,3653259,4542169,26549,12306,30349,68699,3653152,3653191,29112,30049,3848704,58056,4282509
3653997	9170
3653998	5059,4542178,3653104,55443,301289,33218,39629
3653999	4316850,3653228
3654000	2013096,3653568,3653485
3654001	3653088,11041,5038
3654002	3652675,39962,3653145,12772,58517,66033
3654003	28017
3654004	3654004
3654005	37167,6639,37688,24480
3654006	3652578
3654007	17725,40374
3654009	3539189,3653835
3654010	3653955,3542959,3653863
3654011	3652648,3652527,149236
3654012	301302,21528,16855,3652819,2698906,55903,3652529,55711,28070,19468,1434916,32857,22938,137757
3654013	3968
3654014	2006101
3654015	1704311,3540010,85824,3653788,3653601
3654016	206232,254215,206461,206460,215717,916062,216278,3653127,61450,259507,3438,19134
3654017	16410,3652867
3654018	717967,3653480,3653368
3654019	3653095,33513
3654020	10608,29904
3654021	54598
3654022	771147,378,68955,26078,15116,28403,25681,33051,172021,25575,25380,12963,123043,82689,31469,60180,22245,28351,14479,795712,68986,3652873,58702,13030,14563,3540027,68978,58204
3654023	525082,55739,64114,8593,3700393,59677,26400,3653106,40779,53185,3653075,58961,3653175,3652814,30053,33059,19471,54015,55892,12367,68700,63433,19223
3654024	3652679,3652600,3652877,3652591,3653096,17887,30858,3653241,3652864,603972,22252,3653094,64079,77377,3652845,3652609,3653078,14758
3654025	3653823,3653280,7158,3653737,3539173
3654027	41040
3654028	25029
3654030	12022
3654031	116074,12271,20223,54422
3654032	26196
3654033	28193
3654034	55819,20259,304564,282072
3654035	3539960,163748,52657,70203,22499,728803,3653177
3654036	3652851,1275
3654037	68746,50436,68742,54157
3654038	2000261,3652995,913506,17861,3711911,537147,1684405
3654039	56739,20411,71123
3654040	3653383,3653451,3654039
3654041	3653658,3653559,3654040
3654042	66469,8232,3652834,1176306,982068,39663,36442,3273719,3653124,2347566,68333
3654044	3653983,3653982
3654045	58762,129044,30350
3654047	5099,3540762,4057,103049,14563,379135,50876
3700410	3700402,4542168,4301618,1302121,3700388,5227832,5227830,5227829,3871449,4059164,4542179,3700405
3700411	3700397,4542174,4059161,5227836
3871469	2717561,1176329,2606556,252643,4759126,1704271
4301632	167117,2973895,2607479,3179549,1456408,3885068
4301633	4301625,2351132,4301613,4301612,1169987,4301610,359620,526510,4301631,590747,1532485,4301630,4300785
4301634	2974540,3492889,2353951,4079805,3502471,3490348
4542181	3852512,4518997,35525,3661290,1876229,3252090,2605855,4271578,4080053,4080052,1738934,2976303,3882783,3864967,3491974,5227824,3858051,4519575,4080453
5203371	18988
5227847	4694273,4549503,4542165
